1544293704388511915
1544293704421845248
1544293704455178581
1544293704488511915
1544293704521845248
1544293704555178581
1544293704588511915
1544293704621845248
1544293704655178581
1544293704688511915
1544293704721845248
1544293704755178581
1544293704788511915
1544293704821845248
1544293704855178581
1544293704888511915
1544293704921845248
1544293704955178581
1544293704988511915
1544293705021845248
1544293705055178581
1544293705088511915
1544293705121845248
1544293705155178581
1544293705188511915
1544293705221845248
1544293705255178581
1544293705288511915
1544293705321845248
1544293705355178581
1544293705388511915
1544293705421845248
1544293705455178581
1544293705488511915
1544293705521845248
1544293705555178581
1544293705588511915
1544293705621845248
1544293705655178581
1544293705688511915
1544293705721845248
1544293705755178581
1544293705788511915
1544293705821845248
1544293705855178581
1544293705888511915
1544293705921845248
1544293705955178581
1544293705988511915
1544293706021845248
1544293706055178581
1544293706088511915
1544293706121845248
1544293706155178581
1544293706188511915
1544293706221845248
1544293706255178581
1544293706288511915
1544293706321845248
1544293706355178581
1544293706388511915
1544293706421845248
1544293706455178581
1544293706488511915
1544293706521845248
1544293706555178581
1544293706588511915
1544293706621845248
1544293706655178581
1544293706688511915
1544293706721845248
1544293706755178581
1544293706788511915
1544293706821845248
1544293706855178581
1544293706888511915
1544293706921845248
1544293706955178581
1544293706988511915
1544293707021845248
1544293707055178581
1544293707088511915
1544293707121845248
1544293707155178581
1544293707188511915
1544293707221845248
1544293707255178581
1544293707288511915
1544293707321845248
1544293707355178581
1544293707388511915
1544293707421845248
1544293707455178581
1544293707488511915
1544293707521845248
1544293707555178581
1544293707588511915
1544293707621845248
1544293707655178581
1544293707688511915
1544293707721845248
1544293707755178581
1544293707788511915
1544293707821845248
1544293707855178581
1544293707888511915
1544293707921845248
1544293707955178581
1544293707988511915
1544293708021845248
1544293708055178581
1544293708088511914
1544293708121845248
1544293708155178581
1544293708188511915
1544293708221845248
1544293708255178581
1544293708288511915
1544293708321845248
1544293708355178581
1544293708388511915
1544293708421845248
1544293708455178581
1544293708488511914
1544293708521845248
1544293708555178581
1544293708588511915
1544293708621845248
1544293708655178581
1544293708688511915
1544293708721845248
1544293708755178581
1544293708788511915
1544293708821845248
1544293708855178581
1544293708888511915
1544293708921845248
1544293708955178581
1544293708988511915
1544293709021845248
1544293709055178581
1544293709088511915
1544293709121845248
1544293709155178581
1544293709188511915
1544293709221845248
1544293709255178581
1544293709288511915
1544293709321845248
1544293709355178581
1544293709388511915
1544293709421845248
1544293709455178581
1544293709488511915
1544293709521845248
1544293709555178581
1544293709588511915
1544293709621845248
1544293709655178581
1544293709688511915
1544293709721845248
1544293709755178581
1544293709788511915
1544293709821845248
1544293709855178581
1544293709888511915
1544293709921845248
1544293709955178581
1544293709988511915
1544293710021845248
1544293710055178581
1544293710088511915
1544293710121845248
1544293710155178581
1544293710188511915
1544293710221845248
1544293710255178581
1544293710288511915
1544293710321845248
1544293710355178581
1544293710388511915
1544293710421845248
1544293710455178581
1544293710488511915
1544293710521845248
1544293710555178581
1544293710588511915
1544293710621845248
1544293710655178581
1544293710688511915
1544293710721845248
1544293710755178581
1544293710788511915
1544293710821845248
1544293710855178581
1544293710888511915
1544293710921845248
1544293710955178581
1544293710988511915
1544293711021845248
1544293711055178581
1544293711088511915
1544293711121845248
1544293711155178581
1544293711188511915
1544293711221845248
1544293711255178581
1544293711288511914
1544293711321845248
1544293711355178581
1544293711388511915
1544293711421845248
1544293711455178581
1544293711488511915
1544293711521845248
1544293711555178581
1544293711588511915
1544293711621845248
1544293711655178581
1544293711688511915
1544293711721845248
1544293711755178581
1544293711788511914
1544293711821845248
1544293711855178581
1544293711888511915
1544293711921845248
1544293711955178581
1544293711988511915
1544293712021845248
1544293712055178581
1544293712088511915
1544293712121845248
1544293712155178581
1544293712188511915
1544293712221845248
1544293712255178581
1544293712288511914
1544293712321845248
1544293712355178581
1544293712388511915
1544293712421845248
1544293712455178581
1544293712488511915
1544293712521845248
1544293712555178581
1544293712588511914
1544293712621845248
1544293712655178581
1544293712688511915
1544293712721845248
1544293712755178581
1544293712788511915
1544293712821845248
1544293712855178581
1544293712888511915
1544293712921845248
1544293712955178581
1544293712988511915
1544293713021845248
1544293713055178581
1544293713088511915
1544293713121845248
1544293713155178581
1544293713188511915
1544293713221845248
1544293713255178581
1544293713288511915
1544293713321845248
1544293713355178581
1544293713388511915
1544293713421845248
1544293713455178581
1544293713488511915
1544293713521845248
1544293713555178581
1544293713588511915
1544293713621845248
1544293713655178581
1544293713688511915
1544293713721845248
1544293713755178581
1544293713788511915
1544293713821845248
1544293713855178581
1544293713888511915
1544293713921845248
1544293713955178581
1544293713988511915
1544293714021845248
1544293714055178581
1544293714088511915
1544293714121845248
1544293714155178581
1544293714188511915
1544293714221845248
1544293714255178581
1544293714288511915
1544293714321845248
1544293714355178581
1544293714388511915
1544293714421845248
1544293714455178581
1544293714488511915
1544293714521845248
1544293714555178581
1544293714588511915
1544293714621845248
1544293714655178581
1544293714688511915
1544293714721845248
1544293714755178581
1544293714788511915
1544293714821845248
1544293714855178581
1544293714888511915
1544293714921845248
1544293714955178581
1544293714988511915
1544293715021845248
1544293715055178581
1544293715088511915
1544293715121845248
1544293715155178581
1544293715188511915
1544293715221845248
1544293715255178581
1544293715288511915
1544293715321845248
1544293715355178581
1544293715388511915
1544293715421845248
1544293715455178581
1544293715488511915
1544293715521845248
1544293715555178581
1544293715588511915
1544293715621845248
1544293715655178581
1544293715688511915
1544293715721845248
1544293715755178581
1544293715788511915
1544293715821845248
1544293715855178581
1544293715888511915
1544293715921845248
1544293715955178581
1544293715988511915
1544293716021845248
1544293716055178581
1544293716088511915
1544293716121845248
1544293716155178581
1544293716188511915
1544293716221845248
1544293716255178581
1544293716288511915
1544293716321845248
1544293716355178581
1544293716388511915
1544293716421845248
1544293716455178581
1544293716488511915
1544293716521845248
1544293716555178581
1544293716588511915
1544293716621845248
1544293716655178581
1544293716688511915
1544293716721845248
1544293716755178581
1544293716788511915
1544293716821845248
1544293716855178581
1544293716888511915
1544293716921845248
1544293716955178581
1544293716988511915
1544293717021845248
1544293717055178581
1544293717088511915
1544293717121845248
1544293717155178581
1544293717188511915
1544293717221845248
1544293717255178581
1544293717288511915
1544293717321845248
1544293717355178581
1544293717388511915
1544293717421845248
1544293717455178581
1544293717488511915
1544293717521845248
1544293717555178581
1544293717588511915
1544293717621845248
1544293717655178581
1544293717688511914
1544293717721845248
1544293717755178581
1544293717788511915
1544293717821845248
1544293717855178581
1544293717888511915
1544293717921845248
1544293717955178581
1544293717988511915
1544293718021845248
1544293718055178581
1544293718088511915
1544293718121845248
1544293718155178581
1544293718188511914
1544293718221845248
1544293718255178581
1544293718288511915
1544293718321845248
1544293718355178581
1544293718388511915
1544293718421845248
1544293718455178581
1544293718488511915
1544293718521845248
1544293718555178581
1544293718588511915
1544293718621845248
1544293718655178581
1544293718688511914
1544293718721845248
1544293718755178581
1544293718788511915
1544293718821845248
1544293718855178581
1544293718888511915
1544293718921845248
1544293718955178581
1544293718988511915
1544293719021845248
1544293719055178581
1544293719088511915
1544293719121845248
1544293719155178581
1544293719188511914
1544293719221845248
1544293719255178581
1544293719288511915
1544293719321845248
1544293719355178581
1544293719388511915
1544293719421845248
1544293719455178581
1544293719488511915
1544293719521845248
1544293719555178581
1544293719588511915
1544293719621845248
1544293719655178581
1544293719688511914
1544293719721845248
1544293719755178581
1544293719788511915
1544293719821845248
1544293719855178581
1544293719888511915
1544293719921845248
1544293719955178581
1544293719988511915
1544293720021845248
1544293720055178581
1544293720088511915
1544293720121845248
1544293720155178581
1544293720188511914
1544293720221845248
1544293720255178581
1544293720288511915
1544293720321845248
1544293720355178581
1544293720388511915
1544293720421845248
1544293720455178581
1544293720488511915
1544293720521845248
1544293720555178581
1544293720588511915
1544293720621845248
1544293720655178581
1544293720688511915
1544293720721845248
1544293720755178581
1544293720788511914
1544293720821845248
1544293720855178581
1544293720888511915
1544293720921845248
1544293720955178581
1544293720988511915
1544293721021845248
1544293721055178581
1544293721088511915
1544293721121845248
1544293721155178581
1544293721188511915
1544293721221845248
1544293721255178581
1544293721288511914
1544293721321845248
1544293721355178581
1544293721388511915
1544293721421845248
1544293721455178581
1544293721488511915
1544293721521845248
1544293721555178581
1544293721588511915
1544293721621845248
1544293721655178581
1544293721688511915
1544293721721845248
1544293721755178581
1544293721788511915
1544293721821845248
1544293721855178581
1544293721888511915
1544293721921845248
1544293721955178581
1544293721988511915
1544293722021845248
1544293722055178581
1544293722088511915
1544293722121845248
1544293722155178581
1544293722188511915
1544293722221845248
1544293722255178581
1544293722288511915
1544293722321845248
1544293722355178581
1544293722388511915
1544293722421845248
1544293722455178581
1544293722488511915
1544293722521845248
1544293722555178581
1544293722588511915
1544293722621845248
1544293722655178581
1544293722688511915
1544293722721845248
1544293722755178581
1544293722788511915
1544293722821845248
1544293722855178581
1544293722888511915
1544293722921845248
1544293722955178581
1544293722988511915
1544293723021845248
1544293723055178581
1544293723088511915
1544293723121845248
1544293723155178581
1544293723188511915
1544293723221845248
1544293723255178581
1544293723288511915
1544293723321845248
1544293723355178581
1544293723388511915
1544293723421845248
1544293723455178581
1544293723488511915
1544293723521845248
1544293723555178581
1544293723588511915
1544293723621845248
1544293723655178581
1544293723688511915
1544293723721845248
1544293723755178581
1544293723788511915
1544293723821845248
1544293723855178581
1544293723888511915
1544293723921845248
1544293723955178581
1544293723988511915
1544293724021845248
1544293724055178581
1544293724088511915
1544293724121845248
1544293724155178581
1544293724188511915
1544293724221845248
1544293724255178581
1544293724288511915
1544293724321845248
1544293724355178581
1544293724388511915
1544293724421845248
1544293724455178581
1544293724488511915
1544293724521845248
1544293724555178581
1544293724588511915
1544293724621845248
1544293724655178581
1544293724688511915
1544293724721845248
1544293724755178581
1544293724788511915
1544293724821845248
1544293724855178581
1544293724888511915
1544293724921845248
1544293724955178581
1544293724988511915
1544293725021845248
1544293725055178581
1544293725088511915
1544293725121845248
1544293725155178581
1544293725188511915
1544293725221845248
1544293725255178581
1544293725288511915
1544293725321845248
1544293725355178581
1544293725388511915
1544293725421845248
1544293725455178581
1544293725488511915
1544293725521845248
1544293725555178581
1544293725588511915
1544293725621845248
1544293725655178581
1544293725688511915
1544293725721845248
1544293725755178581
1544293725788511915
1544293725821845248
1544293725855178581
1544293725888511915
1544293725921845248
1544293725955178581
1544293725988511915
1544293726021845248
1544293726055178581
1544293726088511915
1544293726121845248
1544293726155178581
1544293726188511915
1544293726221845248
1544293726255178581
1544293726288511915
1544293726321845248
1544293726355178581
1544293726388511915
1544293726421845248
1544293726455178581
1544293726488511915
1544293726521845248
1544293726555178581
1544293726588511915
1544293726621845248
1544293726655178581
1544293726688511915
1544293726721845248
1544293726755178581
1544293726788511915
1544293726821845248
1544293726855178581
1544293726888511915
1544293726921845248
1544293726955178581
1544293726988511915
1544293727021845248
1544293727055178581
1544293727088511915
1544293727121845248
1544293727155178581
1544293727188511915
1544293727221845248
1544293727255178581
1544293727288511915
1544293727321845248
1544293727355178581
1544293727388511915
1544293727421845248
1544293727455178581
1544293727488511915
1544293727521845248
1544293727555178581
1544293727588511915
1544293727621845248
1544293727655178581
1544293727688511915
1544293727721845248
1544293727755178581
1544293727788511915
1544293727821845248
1544293727855178581
1544293727888511915
1544293727921845248
1544293727955178581
1544293727988511915
1544293728021845248
1544293728055178581
1544293728088511915
1544293728121845248
1544293728155178581
1544293728188511915
1544293728221845248
1544293728255178581
1544293728288511915
1544293728321845248
1544293728355178581
1544293728388511915
1544293728421845248
1544293728455178581
1544293728488511915
1544293728521845248
1544293728555178581
1544293728588511915
1544293728621845248
1544293728655178581
1544293728688511915
1544293728721845248
1544293728755178581
1544293728788511915
1544293728821845248
1544293728855178581
1544293728888511915
1544293728921845248
1544293728955178581
1544293728988511915
1544293729021845248
1544293729055178581
1544293729088511915
1544293729121845248
1544293729155178581
1544293729188511915
1544293729221845248
1544293729255178581
1544293729288511915
1544293729321845248
1544293729355178581
1544293729388511915
1544293729421845248
1544293729455178581
1544293729488511915
1544293729521845248
1544293729555178581
1544293729588511915
1544293729621845248
1544293729655178581
1544293729688511915
1544293729721845248
1544293729755178581
1544293729788511915
1544293729821845248
1544293729855178581
1544293729888511915
1544293729921845248
1544293729955178581
1544293729988511915
1544293730021845248
1544293730055178581
1544293730088511915
1544293730121845248
1544293730155178581
1544293730188511915
1544293730221845248
1544293730255178581
1544293730288511915
1544293730321845248
1544293730355178581
1544293730388511915
1544293730421845248
1544293730455178581
1544293730488511914
1544293730521845248
1544293730555178581
1544293730588511915
1544293730621845248
1544293730655178581
1544293730688511915
1544293730721845248
1544293730755178581
1544293730788511915
1544293730821845248
1544293730855178581
1544293730888511915
1544293730921845248
1544293730955178581
1544293730988511914
1544293731021845248
1544293731055178581
1544293731088511915
1544293731121845248
1544293731155178581
1544293731188511915
1544293731221845248
1544293731255178581
1544293731288511915
1544293731321845248
1544293731355178581
1544293731388511915
1544293731421845248
1544293731455178581
1544293731488511914
1544293731521845248
1544293731555178581
1544293731588511915
1544293731621845248
1544293731655178581
1544293731688511915
1544293731721845248
1544293731755178581
1544293731788511915
1544293731821845248
1544293731855178581
1544293731888511915
1544293731921845248
1544293731955178581
1544293731988511914
1544293732021845248
1544293732055178581
1544293732088511915
1544293732121845248
1544293732155178581
1544293732188511915
1544293732221845248
1544293732255178581
1544293732288511915
1544293732321845248
1544293732355178581
1544293732388511915
1544293732421845248
1544293732455178581
1544293732488511914
1544293732521845248
1544293732555178581
1544293732588511915
1544293732621845248
1544293732655178581
1544293732688511915
1544293732721845248
1544293732755178581
1544293732788511915
1544293732821845248
1544293732855178581
1544293732888511915
1544293732921845248
1544293732955178581
1544293732988511914
1544293733021845248
1544293733055178581
1544293733088511915
1544293733121845248
1544293733155178581
1544293733188511915
1544293733221845248
1544293733255178581
1544293733288511915
1544293733321845248
1544293733355178581
1544293733388511915
1544293733421845248
1544293733455178581
1544293733488511914
1544293733521845248
1544293733555178581
1544293733588511915
1544293733621845248
1544293733655178581
1544293733688511915
1544293733721845248
1544293733755178581
1544293733788511915
1544293733821845248
1544293733855178581
1544293733888511915
1544293733921845248
1544293733955178581
1544293733988511914
1544293734021845248
1544293734055178581
1544293734088511915
1544293734121845248
1544293734155178581
1544293734188511915
1544293734221845248
1544293734255178581
1544293734288511915
1544293734321845248
1544293734355178581
1544293734388511915
1544293734421845248
1544293734455178581
1544293734488511914
1544293734521845248
1544293734555178581
1544293734588511915
1544293734621845248
1544293734655178581
1544293734688511915
1544293734721845248
1544293734755178581
1544293734788511915
1544293734821845248
1544293734855178581
1544293734888511915
1544293734921845248
1544293734955178581
1544293734988511914
1544293735021845248
1544293735055178581
1544293735088511915
1544293735121845248
1544293735155178581
1544293735188511915
1544293735221845248
1544293735255178581
1544293735288511915
1544293735321845248
1544293735355178581
1544293735388511915
1544293735421845248
1544293735455178581
1544293735488511914
1544293735521845248
1544293735555178581
1544293735588511915
1544293735621845248
1544293735655178581
1544293735688511915
1544293735721845248
1544293735755178581
1544293735788511915
1544293735821845248
1544293735855178581
1544293735888511915
1544293735921845248
1544293735955178581
1544293735988511914
1544293736021845248
1544293736055178581
1544293736088511915
1544293736121845248
1544293736155178581
1544293736188511915
1544293736221845248
1544293736255178581
1544293736288511915
1544293736321845248
1544293736355178581
1544293736388511915
1544293736421845248
1544293736455178581
1544293736488511915
1544293736521845248
1544293736555178581
1544293736588511915
1544293736621845248
1544293736655178581
1544293736688511914
1544293736721845248
1544293736755178581
1544293736788511915
1544293736821845248
1544293736855178581
1544293736888511915
1544293736921845248
1544293736955178581
1544293736988511915
1544293737021845248
1544293737055178581
1544293737088511915
1544293737121845248
1544293737155178581
1544293737188511914
1544293737221845248
1544293737255178581
1544293737288511915
1544293737321845248
1544293737355178581
1544293737388511915
1544293737421845248
1544293737455178581
1544293737488511915
1544293737521845248
1544293737555178581
1544293737588511915
1544293737621845248
1544293737655178581
1544293737688511914
1544293737721845248
1544293737755178581
1544293737788511915
1544293737821845248
1544293737855178581
1544293737888511915
1544293737921845248
1544293737955178581
1544293737988511915
1544293738021845248
1544293738055178581
1544293738088511915
1544293738121845248
1544293738155178581
1544293738188511914
1544293738221845248
1544293738255178581
1544293738288511915
1544293738321845248
1544293738355178581
1544293738388511915
1544293738421845248
1544293738455178581
1544293738488511915
1544293738521845248
1544293738555178581
1544293738588511915
1544293738621845248
1544293738655178581
1544293738688511914
1544293738721845248
1544293738755178581
1544293738788511915
1544293738821845248
1544293738855178581
1544293738888511915
1544293738921845248
1544293738955178581
1544293738988511915
1544293739021845248
1544293739055178581
1544293739088511915
1544293739121845248
1544293739155178581
1544293739188511915
1544293739221845248
1544293739255178581
1544293739288511915
1544293739321845248
1544293739355178581
1544293739388511915
1544293739421845248
1544293739455178581
1544293739488511915
1544293739521845248
1544293739555178581
1544293739588511915
1544293739621845248
1544293739655178581
1544293739688511915
1544293739721845248
1544293739755178581
1544293739788511915
1544293739821845248
1544293739855178581
1544293739888511915
1544293739921845248
1544293739955178581
1544293739988511915
1544293740021845248
1544293740055178581
1544293740088511915
1544293740121845248
1544293740155178581
1544293740188511915
1544293740221845248
1544293740255178581
1544293740288511915
1544293740321845248
1544293740355178581
1544293740388511915
1544293740421845248
1544293740455178581
1544293740488511915
1544293740521845248
1544293740555178581
1544293740588511915
1544293740621845248
1544293740655178581
1544293740688511915
1544293740721845248
1544293740755178581
1544293740788511915
1544293740821845248
1544293740855178581
1544293740888511915
1544293740921845248
1544293740955178581
1544293740988511915
1544293741021845248
1544293741055178581
1544293741088511915
1544293741121845248
1544293741155178581
1544293741188511915
1544293741221845248
1544293741255178581
1544293741288511915
1544293741321845248
1544293741355178581
1544293741388511915
1544293741421845248
1544293741455178581
1544293741488511915
1544293741521845248
1544293741555178581
1544293741588511915
1544293741621845248
1544293741655178581
1544293741688511915
1544293741721845248
1544293741755178581
1544293741788511915
1544293741821845248
1544293741855178581
1544293741888511915
1544293741921845248
1544293741955178581
1544293741988511915
1544293742021845248
1544293742055178581
1544293742088511915
1544293742121845248
1544293742155178581
1544293742188511915
1544293742221845248
1544293742255178581
1544293742288511915
1544293742321845248
1544293742355178581
1544293742388511915
1544293742421845248
1544293742455178581
1544293742488511915
1544293742521845248
1544293742555178581
1544293742588511915
1544293742621845248
1544293742655178581
1544293742688511915
1544293742721845248
1544293742755178581
1544293742788511915
1544293742821845248
1544293742855178581
1544293742888511915
1544293742921845248
1544293742955178581
1544293742988511915
1544293743021845248
1544293743055178581
1544293743088511915
1544293743121845248
1544293743155178581
1544293743188511915
1544293743221845248
1544293743255178581
1544293743288511915
1544293743321845248
1544293743355178581
1544293743388511915
1544293743421845248
1544293743455178581
1544293743488511915
1544293743521845248
1544293743555178581
1544293743588511915
1544293743621845248
1544293743655178581
1544293743688511915
1544293743721845248
1544293743755178581
1544293743788511915
1544293743821845248
1544293743855178581
1544293743888511915
1544293743921845248
1544293743955178581
1544293743988511915
1544293744021845248
1544293744055178581
1544293744088511915
1544293744121845248
1544293744155178581
1544293744188511915
1544293744221845248
1544293744255178581
1544293744288511915
1544293744321845248
1544293744355178581
1544293744388511915
1544293744421845248
1544293744455178581
1544293744488511915
1544293744521845248
1544293744555178581
1544293744588511915
1544293744621845248
1544293744655178581
1544293744688511915
1544293744721845248
1544293744755178581
1544293744788511915
1544293744821845248
1544293744855178581
1544293744888511915
1544293744921845248
1544293744955178581
1544293744988511915
1544293745021845248
1544293745055178581
1544293745088511915
1544293745121845248
1544293745155178581
1544293745188511915
1544293745221845248
1544293745255178581
1544293745288511915
1544293745321845248
1544293745355178581
1544293745388511915
1544293745421845248
1544293745455178581
1544293745488511915
1544293745521845248
1544293745555178581
1544293745588511915
1544293745621845248
1544293745655178581
1544293745688511915
1544293745721845248
1544293745755178581
1544293745788511915
1544293745821845248
1544293745855178581
1544293745888511915
1544293745921845248
1544293745955178581
1544293745988511915
1544293746021845248
1544293746055178581
1544293746088511915
1544293746121845248
1544293746155178581
1544293746188511915
1544293746221845248
1544293746255178581
1544293746288511915
1544293746321845248
1544293746355178581
1544293746388511915
1544293746421845248
1544293746455178581
1544293746488511915
1544293746521845248
1544293746555178581
1544293746588511915
1544293746621845248
1544293746655178581
1544293746688511915
1544293746721845248
1544293746755178581
1544293746788511915
1544293746821845248
1544293746855178581
1544293746888511915
1544293746921845248
1544293746955178581
1544293746988511915
1544293747021845248
1544293747055178581
1544293747088511915
1544293747121845248
1544293747155178581
1544293747188511915
1544293747221845248
1544293747255178581
1544293747288511915
1544293747321845248
1544293747355178581
1544293747388511915
1544293747421845248
1544293747455178581
1544293747488511915
1544293747521845248
1544293747555178581
1544293747588511915
1544293747621845248
1544293747655178581
1544293747688511915
1544293747721845248
1544293747755178581
1544293747788511915
1544293747821845248
1544293747855178581
1544293747888511915
1544293747921845248
1544293747955178581
1544293747988511915
1544293748021845248
1544293748055178581
1544293748088511915
1544293748121845248
1544293748155178581
1544293748188511915
1544293748221845248
1544293748255178581
1544293748288511915
1544293748321845248
1544293748355178581
1544293748388511915
1544293748421845248
1544293748455178581
1544293748488511915
1544293748521845248
1544293748555178581
1544293748588511915
1544293748621845248
1544293748655178581
1544293748688511915
1544293748721845248
1544293748755178581
1544293748788511915
1544293748821845248
1544293748855178581
1544293748888511915
1544293748921845248
1544293748955178581
1544293748988511915
1544293749021845248
1544293749055178581
1544293749088511915
1544293749121845248
1544293749155178581
1544293749188511915
1544293749221845248
1544293749255178581
1544293749288511915
1544293749321845248
1544293749355178581
1544293749388511915
1544293749421845248
1544293749455178581
1544293749488511915
1544293749521845248
1544293749555178581
1544293749588511915
1544293749621845248
1544293749655178581
1544293749688511915
1544293749721845248
1544293749755178581
1544293749788511915
1544293749821845248
1544293749855178581
1544293749888511915
1544293749921845248
1544293749955178581
1544293749988511915
1544293750021845248
1544293750055178581
1544293750088511915
1544293750121845248
1544293750155178581
1544293750188511915
1544293750221845248
1544293750255178581
1544293750288511915
1544293750321845248
1544293750355178581
1544293750388511915
1544293750421845248
1544293750455178581
1544293750488511915
1544293750521845248
1544293750555178581
1544293750588511915
1544293750621845248
1544293750655178581
1544293750688511915
1544293750721845248
1544293750755178581
1544293750788511915
1544293750821845248
1544293750855178581
1544293750888511915
1544293750921845248
1544293750955178581
1544293750988511915
1544293751021845248
1544293751055178581
1544293751088511915
1544293751121845248
1544293751155178581
1544293751188511915
1544293751221845248
1544293751255178581
1544293751288511915
1544293751321845248
1544293751355178581
1544293751388511915
1544293751421845248
1544293751455178581
1544293751488511915
1544293751521845248
1544293751555178581
1544293751588511915
1544293751621845248
1544293751655178581
1544293751688511915
1544293751721845248
1544293751755178581
1544293751788511915
1544293751821845248
1544293751855178581
1544293751888511915
1544293751921845248
1544293751955178581
1544293751988511915
1544293752021845248
1544293752055178581
1544293752088511915
1544293752121845248
1544293752155178581
1544293752188511915
1544293752221845248
1544293752255178581
1544293752288511915
1544293752321845248
1544293752355178581
1544293752388511915
1544293752421845248
1544293752455178581
1544293752488511915
1544293752521845248
1544293752555178581
1544293752588511915
1544293752621845248
1544293752655178581
1544293752688511915
1544293752721845248
1544293752755178581
1544293752788511915
1544293752821845248
1544293752855178581
1544293752888511915
1544293752921845248
1544293752955178581
1544293752988511915
1544293753021845248
1544293753055178581
1544293753088511915
1544293753121845248
1544293753155178581
1544293753188511915
1544293753221845248
1544293753255178581
1544293753288511915
1544293753321845248
1544293753355178581
1544293753388511915
1544293753421845248
1544293753455178581
1544293753488511915
1544293753521845248
1544293753555178581
1544293753588511915
1544293753621845248
1544293753655178581
1544293753688511915
1544293753721845248
1544293753755178581
1544293753788511915
1544293753821845248
1544293753855178581
1544293753888511915
1544293753921845248
1544293753955178581
1544293753988511915
1544293754021845248
1544293754055178581
1544293754088511915
1544293754121845248
1544293754155178581
1544293754188511915
1544293754221845248
1544293754255178581
1544293754288511915
1544293754321845248
1544293754355178581
1544293754388511915
1544293754421845248
1544293754455178581
1544293754488511915
1544293754521845248
1544293754555178581
1544293754588511915
1544293754621845248
1544293754655178581
1544293754688511915
1544293754721845248
1544293754755178581
1544293754788511915
1544293754821845248
1544293754855178581
1544293754888511915
1544293754921845248
1544293754955178581
1544293754988511915
1544293755021845248
1544293755055178581
1544293755088511915
1544293755121845248
1544293755155178581
1544293755188511915
1544293755221845248
1544293755255178581
1544293755288511915
1544293755321845248
1544293755355178581
1544293755388511915
1544293755421845248
1544293755455178581
1544293755488511915
1544293755521845248
1544293755555178581
1544293755588511915
1544293755621845248
1544293755655178581
1544293755688511915
1544293755721845248
1544293755755178581
1544293755788511915
1544293755821845248
1544293755855178581
1544293755888511915
1544293755921845248
1544293755955178581
1544293755988511915
1544293756021845248
1544293756055178581
1544293756088511914
1544293756121845248
1544293756155178581
1544293756188511915
1544293756221845248
1544293756255178581
1544293756288511915
1544293756321845248
1544293756355178581
1544293756388511915
1544293756421845248
1544293756455178581
1544293756488511915
1544293756521845248
1544293756555178581
1544293756588511914
1544293756621845248
1544293756655178581
1544293756688511915
1544293756721845248
1544293756755178581
1544293756788511915
1544293756821845248
1544293756855178581
1544293756888511915
1544293756921845248
1544293756955178581
1544293756988511915
1544293757021845248
1544293757055178581
1544293757088511914
1544293757121845248
1544293757155178581
1544293757188511915
1544293757221845248
1544293757255178581
1544293757288511915
1544293757321845248
1544293757355178581
1544293757388511915
1544293757421845248
1544293757455178581
1544293757488511915
1544293757521845248
1544293757555178581
1544293757588511914
1544293757621845248
1544293757655178581
1544293757688511915
1544293757721845248
1544293757755178581
1544293757788511915
1544293757821845248
1544293757855178581
1544293757888511915
1544293757921845248
1544293757955178581
1544293757988511915
1544293758021845248
1544293758055178581
1544293758088511914
1544293758121845248
1544293758155178581
1544293758188511915
1544293758221845248
1544293758255178581
1544293758288511915
1544293758321845248
1544293758355178581
1544293758388511915
1544293758421845248
1544293758455178581
1544293758488511915
1544293758521845248
1544293758555178581
1544293758588511914
1544293758621845248
1544293758655178581
1544293758688511915
1544293758721845248
1544293758755178581
1544293758788511915
1544293758821845248
1544293758855178581
1544293758888511915
1544293758921845248
1544293758955178581
1544293758988511915
1544293759021845248
1544293759055178581
1544293759088511914
1544293759121845248
1544293759155178581
1544293759188511915
1544293759221845248
1544293759255178581
1544293759288511915
1544293759321845248
1544293759355178581
1544293759388511915
1544293759421845248
1544293759455178581
1544293759488511915
1544293759521845248
1544293759555178581
1544293759588511914
1544293759621845248
1544293759655178581
1544293759688511915
1544293759721845248
1544293759755178581
1544293759788511915
1544293759821845248
1544293759855178581
1544293759888511915
1544293759921845248
1544293759955178581
1544293759988511915
1544293760021845248
1544293760055178581
1544293760088511914
1544293760121845248
1544293760155178581
1544293760188511915
1544293760221845248
1544293760255178581
1544293760288511915
1544293760321845248
1544293760355178581
1544293760388511915
1544293760421845248
1544293760455178581
1544293760488511915
1544293760521845248
1544293760555178581
1544293760588511914
1544293760621845248
1544293760655178581
1544293760688511915
1544293760721845248
1544293760755178581
1544293760788511915
1544293760821845248
1544293760855178581
1544293760888511915
1544293760921845248
1544293760955178581
1544293760988511915
1544293761021845248
1544293761055178581
1544293761088511914
1544293761121845248
1544293761155178581
1544293761188511915
1544293761221845248
1544293761255178581
1544293761288511915
1544293761321845248
1544293761355178581
1544293761388511915
1544293761421845248
1544293761455178581
1544293761488511915
1544293761521845248
1544293761555178581
1544293761588511914
1544293761621845248
1544293761655178581
1544293761688511915
1544293761721845248
1544293761755178581
1544293761788511915
1544293761821845248
1544293761855178581
1544293761888511915
1544293761921845248
1544293761955178581
1544293761988511915
1544293762021845248
1544293762055178581
1544293762088511914
1544293762121845248
1544293762155178581
1544293762188511915
1544293762221845248
1544293762255178581
1544293762288511915
1544293762321845248
1544293762355178581
1544293762388511915
1544293762421845248
1544293762455178581
1544293762488511915
1544293762521845248
1544293762555178581
1544293762588511914
1544293762621845248
1544293762655178581
1544293762688511915
1544293762721845248
1544293762755178581
1544293762788511915
1544293762821845248
1544293762855178581
1544293762888511915
1544293762921845248
1544293762955178581
1544293762988511915
1544293763021845248
1544293763055178581
1544293763088511914
1544293763121845248
1544293763155178581
1544293763188511915
1544293763221845248
1544293763255178581
1544293763288511915
1544293763321845248
1544293763355178581
1544293763388511915
1544293763421845248
1544293763455178581
1544293763488511915
1544293763521845248
1544293763555178581
1544293763588511914
1544293763621845248
1544293763655178581
1544293763688511915
1544293763721845248
1544293763755178581
1544293763788511915
1544293763821845248
1544293763855178581
1544293763888511915
1544293763921845248
1544293763955178581
1544293763988511915
1544293764021845248
1544293764055178581
1544293764088511914
1544293764121845248
1544293764155178581
1544293764188511915
1544293764221845248
1544293764255178581
1544293764288511915
1544293764321845248
1544293764355178581
1544293764388511915
1544293764421845248
1544293764455178581
1544293764488511915
1544293764521845248
1544293764555178581
1544293764588511914
1544293764621845248
1544293764655178581
1544293764688511915
1544293764721845248
1544293764755178581
1544293764788511915
1544293764821845248
1544293764855178581
1544293764888511915
1544293764921845248
1544293764955178581
1544293764988511915
1544293765021845248
1544293765055178581
1544293765088511914
1544293765121845248
1544293765155178581
1544293765188511915
1544293765221845248
1544293765255178581
1544293765288511915
1544293765321845248
1544293765355178581
1544293765388511915
1544293765421845248
1544293765455178581
1544293765488511915
1544293765521845248
1544293765555178581
1544293765588511914
1544293765621845248
1544293765655178581
1544293765688511915
1544293765721845248
1544293765755178581
1544293765788511915
1544293765821845248
1544293765855178581
1544293765888511915
1544293765921845248
1544293765955178581
1544293765988511915
1544293766021845248
1544293766055178581
1544293766088511914
1544293766121845248
1544293766155178581
1544293766188511915
1544293766221845248
1544293766255178581
1544293766288511915
1544293766321845248
1544293766355178581
1544293766388511915
1544293766421845248
1544293766455178581
1544293766488511915
1544293766521845248
1544293766555178581
1544293766588511914
1544293766621845248
1544293766655178581
1544293766688511915
1544293766721845248
1544293766755178581
1544293766788511915
1544293766821845248
1544293766855178581
1544293766888511915
1544293766921845248
1544293766955178581
1544293766988511915
1544293767021845248
1544293767055178581
1544293767088511914
1544293767121845248
1544293767155178581
1544293767188511915
1544293767221845248
1544293767255178581
1544293767288511915
1544293767321845248
1544293767355178581
1544293767388511915
1544293767421845248
1544293767455178581
1544293767488511915
1544293767521845248
1544293767555178581
1544293767588511914
1544293767621845248
1544293767655178581
1544293767688511915
1544293767721845248
1544293767755178581
1544293767788511915
1544293767821845248
1544293767855178581
1544293767888511915
1544293767921845248
1544293767955178581
1544293767988511915
1544293768021845248
1544293768055178581
1544293768088511914
1544293768121845248
1544293768155178581
1544293768188511915
1544293768221845248
1544293768255178581
1544293768288511915
1544293768321845248
1544293768355178581
1544293768388511915
1544293768421845248
1544293768455178581
1544293768488511914
1544293768521845248
1544293768555178581
1544293768588511915
1544293768621845248
1544293768655178581
1544293768688511915
1544293768721845248
1544293768755178581
1544293768788511915
1544293768821845248
1544293768855178581
1544293768888511915
1544293768921845248
1544293768955178581
1544293768988511914
1544293769021845248
1544293769055178581
1544293769088511915
1544293769121845248
1544293769155178581
1544293769188511915
1544293769221845248
1544293769255178581
1544293769288511915
1544293769321845248
1544293769355178581
1544293769388511915
1544293769421845248
1544293769455178581
1544293769488511914
1544293769521845248
1544293769555178581
1544293769588511915
1544293769621845248
1544293769655178581
1544293769688511915
1544293769721845248
1544293769755178581
1544293769788511915
1544293769821845248
1544293769855178581
1544293769888511915
1544293769921845248
1544293769955178581
1544293769988511914
1544293770021845248
1544293770055178581
1544293770088511915
1544293770121845248
1544293770155178581
1544293770188511915
1544293770221845248
1544293770255178581
1544293770288511915
1544293770321845248
1544293770355178581
1544293770388511915
1544293770421845248
1544293770455178581
1544293770488511914
1544293770521845248
1544293770555178581
1544293770588511915
1544293770621845248
1544293770655178581
1544293770688511915
1544293770721845248
1544293770755178581
1544293770788511915
1544293770821845248
1544293770855178581
1544293770888511915
1544293770921845248
1544293770955178581
1544293770988511914
1544293771021845248
1544293771055178581
1544293771088511915
1544293771121845248
1544293771155178581
1544293771188511915
1544293771221845248
1544293771255178581
1544293771288511915
1544293771321845248
1544293771355178581
1544293771388511915
1544293771421845248
1544293771455178581
1544293771488511914
1544293771521845248
1544293771555178581
1544293771588511915
1544293771621845248
1544293771655178581
1544293771688511915
1544293771721845248
1544293771755178581
1544293771788511915
1544293771821845248
1544293771855178581
1544293771888511915
1544293771921845248
1544293771955178581
1544293771988511914
1544293772021845248
1544293772055178581
1544293772088511915
1544293772121845248
1544293772155178581
1544293772188511915
1544293772221845248
1544293772255178581
1544293772288511915
1544293772321845248
1544293772355178581
1544293772388511915
1544293772421845248
1544293772455178581
1544293772488511914
1544293772521845248
1544293772555178581
1544293772588511915
1544293772621845248
1544293772655178581
1544293772688511915
1544293772721845248
1544293772755178581
1544293772788511915
1544293772821845248
1544293772855178581
1544293772888511915
1544293772921845248
1544293772955178581
1544293772988511914
1544293773021845248
1544293773055178581
1544293773088511915
1544293773121845248
1544293773155178581
1544293773188511915
1544293773221845248
1544293773255178581
1544293773288511915
1544293773321845248
1544293773355178581
1544293773388511915
1544293773421845248
1544293773455178581
1544293773488511915
1544293773521845248
1544293773555178581
1544293773588511915
1544293773621845248
1544293773655178581
1544293773688511915
1544293773721845248
1544293773755178581
1544293773788511915
1544293773821845248
1544293773855178581
1544293773888511915
1544293773921845248
1544293773955178581
1544293773988511915
1544293774021845248
1544293774055178581
1544293774088511915
1544293774121845248
1544293774155178581
1544293774188511915
1544293774221845248
1544293774255178581
1544293774288511915
1544293774321845248
1544293774355178581
1544293774388511915
1544293774421845248
1544293774455178581
1544293774488511915
1544293774521845248
1544293774555178581
1544293774588511915
1544293774621845248
1544293774655178581
1544293774688511915
1544293774721845248
1544293774755178581
1544293774788511915
1544293774821845248
1544293774855178581
1544293774888511915
1544293774921845248
1544293774955178581
1544293774988511915
1544293775021845248
1544293775055178581
1544293775088511915
1544293775121845248
1544293775155178581
1544293775188511915
1544293775221845248
1544293775255178581
1544293775288511915
1544293775321845248
1544293775355178581
1544293775388511915
1544293775421845248
1544293775455178581
1544293775488511915
1544293775521845248
1544293775555178581
1544293775588511915
1544293775621845248
1544293775655178581
1544293775688511915
1544293775721845248
1544293775755178581
1544293775788511915
1544293775821845248
1544293775855178581
1544293775888511915
1544293775921845248
1544293775955178581
1544293775988511915
1544293776021845248
1544293776055178581
1544293776088511915
1544293776121845248
1544293776155178581
1544293776188511915
1544293776221845248
1544293776255178581
1544293776288511915
1544293776321845248
1544293776355178581
1544293776388511915
1544293776421845248
1544293776455178581
1544293776488511915
1544293776521845248
1544293776555178581
1544293776588511915
1544293776621845248
1544293776655178581
1544293776688511915
1544293776721845248
1544293776755178581
1544293776788511915
1544293776821845248
1544293776855178581
1544293776888511915
1544293776921845248
1544293776955178581
1544293776988511915
1544293777021845248
1544293777055178581
1544293777088511915
1544293777121845248
1544293777155178581
1544293777188511915
1544293777221845248
1544293777255178581
1544293777288511915
1544293777321845248
1544293777355178581
1544293777388511915
1544293777421845248
1544293777455178581
1544293777488511915
1544293777521845248
1544293777555178581
1544293777588511915
1544293777621845248
1544293777655178581
1544293777688511915
1544293777721845248
1544293777755178581
1544293777788511915
1544293777821845248
1544293777855178581
1544293777888511915
1544293777921845248
1544293777955178581
1544293777988511915
1544293778021845248
1544293778055178581
1544293778088511915
1544293778121845248
1544293778155178581
1544293778188511915
1544293778221845248
1544293778255178581
1544293778288511915
1544293778321845248
1544293778355178581
1544293778388511915
1544293778421845248
1544293778455178581
1544293778488511915
1544293778521845248
1544293778555178581
1544293778588511915
1544293778621845248
1544293778655178581
1544293778688511915
1544293778721845248
1544293778755178581
1544293778788511915
1544293778821845248
1544293778855178581
1544293778888511915
1544293778921845248
1544293778955178581
1544293778988511915
1544293779021845248
1544293779055178581
1544293779088511915
1544293779121845248
1544293779155178581
1544293779188511915
1544293779221845248
1544293779255178581
1544293779288511915
1544293779321845248
1544293779355178581
1544293779388511915
1544293779421845248
1544293779455178581
1544293779488511915
1544293779521845248
1544293779555178581
1544293779588511915
1544293779621845248
1544293779655178581
1544293779688511915
1544293779721845248
1544293779755178581
1544293779788511915
1544293779821845248
1544293779855178581
1544293779888511915
1544293779921845248
1544293779955178581
1544293779988511915
1544293780021845248
1544293780055178581
1544293780088511915
1544293780121845248
1544293780155178581
1544293780188511915
1544293780221845248
1544293780255178581
1544293780288511915
1544293780321845248
1544293780355178581
1544293780388511915
1544293780421845248
1544293780455178581
1544293780488511915
1544293780521845248
1544293780555178581
1544293780588511915
1544293780621845248
1544293780655178581
1544293780688511915
1544293780721845248
1544293780755178581
1544293780788511915
1544293780821845248
1544293780855178581
1544293780888511915
1544293780921845248
1544293780955178581
1544293780988511915
1544293781021845248
1544293781055178581
1544293781088511915
1544293781121845248
1544293781155178581
1544293781188511915
1544293781221845248
1544293781255178581
1544293781288511915
1544293781321845248
1544293781355178581
1544293781388511915
1544293781421845248
1544293781455178581
1544293781488511915
1544293781521845248
1544293781555178581
1544293781588511915
1544293781621845248
1544293781655178581
1544293781688511915
1544293781721845248
1544293781755178581
1544293781788511915
1544293781821845248
1544293781855178581
1544293781888511915
1544293781921845248
1544293781955178581
1544293781988511915
1544293782021845248
1544293782055178581
1544293782088511915
1544293782121845248
1544293782155178581
1544293782188511915
1544293782221845248
1544293782255178581
1544293782288511915
1544293782321845248
1544293782355178581
1544293782388511915
1544293782421845248
1544293782455178581
1544293782488511915
1544293782521845248
1544293782555178581
1544293782588511915
1544293782621845248
1544293782655178581
1544293782688511915
1544293782721845248
1544293782755178581
1544293782788511915
1544293782821845248
1544293782855178581
1544293782888511915
1544293782921845248
1544293782955178581
1544293782988511915
1544293783021845248
1544293783055178581
1544293783088511915
1544293783121845248
1544293783155178581
1544293783188511915
1544293783221845248
1544293783255178581
1544293783288511915
1544293783321845248
1544293783355178581
1544293783388511915
1544293783421845248
1544293783455178581
1544293783488511915
1544293783521845248
1544293783555178581
1544293783588511915
1544293783621845248
1544293783655178581
1544293783688511915
1544293783721845248
1544293783755178581
1544293783788511915
1544293783821845248
1544293783855178581
1544293783888511915
1544293783921845248
1544293783955178581
1544293783988511915
1544293784021845248
1544293784055178581
1544293784088511915
1544293784121845248
1544293784155178581
1544293784188511915
1544293784221845248
1544293784255178581
1544293784288511915
1544293784321845248
1544293784355178581
1544293784388511915
1544293784421845248
1544293784455178581
1544293784488511915
1544293784521845248
1544293784555178581
1544293784588511915
1544293784621845248
1544293784655178581
1544293784688511915
1544293784721845248
1544293784755178581
1544293784788511915
1544293784821845248
1544293784855178581
1544293784888511915
1544293784921845248
1544293784955178581
1544293784988511915
1544293785021845248
1544293785055178581
1544293785088511915
1544293785121845248
1544293785155178581
1544293785188511915
1544293785221845248
1544293785255178581
1544293785288511915
1544293785321845248
1544293785355178581
1544293785388511915
1544293785421845248
1544293785455178581
1544293785488511915
1544293785521845248
1544293785555178581
1544293785588511915
1544293785621845248
1544293785655178581
1544293785688511915
1544293785721845248
1544293785755178581
1544293785788511915
1544293785821845248
1544293785855178581
1544293785888511915
1544293785921845248
1544293785955178581
1544293785988511915
1544293786021845248
1544293786055178581
1544293786088511915
1544293786121845248
1544293786155178581
1544293786188511915
1544293786221845248
1544293786255178581
1544293786288511915
1544293786321845248
1544293786355178581
1544293786388511915
1544293786421845248
1544293786455178581
1544293786488511915
1544293786521845248
1544293786555178581
1544293786588511915
1544293786621845248
1544293786655178581
1544293786688511915
1544293786721845248
1544293786755178581
1544293786788511915
1544293786821845248
1544293786855178581
1544293786888511915
1544293786921845248
1544293786955178581
1544293786988511915
1544293787021845248
1544293787055178581
1544293787088511915
1544293787121845248
1544293787155178581
1544293787188511915
1544293787221845248
1544293787255178581
1544293787288511915
1544293787321845248
1544293787355178581
1544293787388511915
1544293787421845248
1544293787455178581
1544293787488511915
1544293787521845248
1544293787555178581
1544293787588511915
1544293787621845248
1544293787655178581
1544293787688511915
1544293787721845248
1544293787755178581
1544293787788511915
1544293787821845248
1544293787855178581
1544293787888511915
1544293787921845248
1544293787955178581
1544293787988511915
1544293788021845248
1544293788055178581
1544293788088511915
1544293788121845248
1544293788155178581
1544293788188511915
1544293788221845248
1544293788255178581
1544293788288511915
1544293788321845248
1544293788355178581
1544293788388511915
1544293788421845248
1544293788455178581
1544293788488511915
1544293788521845248
1544293788555178581
1544293788588511915
1544293788621845248
1544293788655178581
1544293788688511915
1544293788721845248
1544293788755178581
1544293788788511915
1544293788821845248
1544293788855178581
1544293788888511915
1544293788921845248
1544293788955178581
1544293788988511915
1544293789021845248
1544293789055178581
1544293789088511915
1544293789121845248
1544293789155178581
1544293789188511915
1544293789221845248
1544293789255178581
1544293789288511915
1544293789321845248
1544293789355178581
1544293789388511915
1544293789421845248
1544293789455178581
1544293789488511915
1544293789521845248
1544293789555178581
1544293789588511915
1544293789621845248
1544293789655178581
1544293789688511915
1544293789721845248
1544293789755178581
1544293789788511915
1544293789821845248
1544293789855178581
1544293789888511915
1544293789921845248
1544293789955178581
1544293789988511915
1544293790021845248
1544293790055178581
1544293790088511915
1544293790121845248
1544293790155178581
1544293790188511915
1544293790221845248
1544293790255178581
1544293790288511915
1544293790321845248
1544293790355178581
1544293790388511915
1544293790421845248
1544293790455178581
1544293790488511915
1544293790521845248
1544293790555178581
1544293790588511915
1544293790621845248
1544293790655178581
1544293790688511915
1544293790721845248
1544293790755178581
1544293790788511915
1544293790821845248
1544293790855178581
1544293790888511915
1544293790921845248
1544293790955178581
1544293790988511915
1544293791021845248
1544293791055178581
1544293791088511915
1544293791121845248
1544293791155178581
1544293791188511915
1544293791221845248
1544293791255178581
1544293791288511915
1544293791321845248
1544293791355178581
1544293791388511915
1544293791421845248
1544293791455178581
1544293791488511915
1544293791521845248
1544293791555178581
1544293791588511915
1544293791621845248
1544293791655178581
1544293791688511915
1544293791721845248
1544293791755178581
1544293791788511915
1544293791821845248
1544293791855178581
1544293791888511915
1544293791921845248
1544293791955178581
1544293791988511915
1544293792021845248
1544293792055178581
1544293792088511915
1544293792121845248
1544293792155178581
1544293792188511915
1544293792221845248
1544293792255178581
1544293792288511915
1544293792321845248
1544293792355178581
1544293792388511915
1544293792421845248
1544293792455178581
1544293792488511915
1544293792521845248
1544293792555178581
1544293792588511915
1544293792621845248
1544293792655178581
1544293792688511915
1544293792721845248
1544293792755178581
1544293792788511915
1544293792821845248
1544293792855178581
1544293792888511915
1544293792921845248
1544293792955178581
1544293792988511915
1544293793021845248
1544293793055178581
1544293793088511915
1544293793121845248
1544293793155178581
1544293793188511915
1544293793221845248
1544293793255178581
1544293793288511915
1544293793321845248
1544293793355178581
1544293793388511915
1544293793421845248
1544293793455178581
1544293793488511915
1544293793521845248
1544293793555178581
1544293793588511915
1544293793621845248
1544293793655178581
1544293793688511915
1544293793721845248
1544293793755178581
1544293793788511915
1544293793821845248
1544293793855178581
1544293793888511915
1544293793921845248
1544293793955178581
1544293793988511915
1544293794021845248
1544293794055178581
1544293794088511915
1544293794121845248
1544293794155178581
1544293794188511915
1544293794221845248
1544293794255178581
1544293794288511915
1544293794321845248
1544293794355178581
1544293794388511915
1544293794421845248
1544293794455178581
1544293794488511915
1544293794521845248
1544293794555178581
1544293794588511915
1544293794621845248
1544293794655178581
1544293794688511915
1544293794721845248
1544293794755178581
1544293794788511915
1544293794821845248
1544293794855178581
1544293794888511915
1544293794921845248
1544293794955178581
1544293794988511915
1544293795021845248
1544293795055178581
1544293795088511915
1544293795121845248
1544293795155178581
1544293795188511915
1544293795221845248
1544293795255178581
1544293795288511915
1544293795321845248
1544293795355178581
1544293795388511915
1544293795421845248
1544293795455178581
1544293795488511915
1544293795521845248
1544293795555178581
1544293795588511915
1544293795621845248
1544293795655178581
1544293795688511915
1544293795721845248
1544293795755178581
1544293795788511915
1544293795821845248
1544293795855178581
1544293795888511915
1544293795921845248
1544293795955178581
1544293795988511915
1544293796021845248
1544293796055178581
1544293796088511915
1544293796121845248
1544293796155178581
1544293796188511915
1544293796221845248
1544293796255178581
1544293796288511915
1544293796321845248
1544293796355178581
1544293796388511915
1544293796421845248
1544293796455178581
1544293796488511915
1544293796521845248
1544293796555178581
1544293796588511915
1544293796621845248
1544293796655178581
1544293796688511915
1544293796721845248
1544293796755178581
1544293796788511915
1544293796821845248
1544293796855178581
1544293796888511915
1544293796921845248
1544293796955178581
1544293796988511915
1544293797021845248
1544293797055178581
1544293797088511915
1544293797121845248
1544293797155178581
1544293797188511915
1544293797221845248
1544293797255178581
1544293797288511915
1544293797321845248
1544293797355178581
1544293797388511915
1544293797421845248
1544293797455178581
1544293797488511915
1544293797521845248
1544293797555178581
1544293797588511915
1544293797621845248
1544293797655178581
1544293797688511915
1544293797721845248
1544293797755178581
1544293797788511915
1544293797821845248
1544293797855178581
1544293797888511915
1544293797921845248
1544293797955178581
1544293797988511915
1544293798021845248
1544293798055178581
1544293798088511915
1544293798121845248
1544293798155178581
1544293798188511915
1544293798221845248
1544293798255178581
1544293798288511915
1544293798321845248
1544293798355178581
1544293798388511915
1544293798421845248
1544293798455178581
1544293798488511915
1544293798521845248
1544293798555178581
1544293798588511915
1544293798621845248
1544293798655178581
1544293798688511915
1544293798721845248
1544293798755178581
1544293798788511915
1544293798821845248
1544293798855178581
1544293798888511915
1544293798921845248
1544293798955178581
1544293798988511915
1544293799021845248
1544293799055178581
1544293799088511915
1544293799121845248
1544293799155178581
1544293799188511915
1544293799221845248
1544293799255178581
1544293799288511915
1544293799321845248
1544293799355178581
1544293799388511915
1544293799421845248
1544293799455178581
1544293799488511915
1544293799521845248
1544293799555178581
1544293799588511915
1544293799621845248
1544293799655178581
1544293799688511915
1544293799721845248
1544293799755178581
1544293799788511915
1544293799821845248
1544293799855178581
1544293799888511915
1544293799921845248
1544293799955178581
1544293799988511915
1544293800021845248
1544293800055178581
1544293800088511915
1544293800121845248
1544293800155178581
1544293800188511915
1544293800221845248
1544293800255178581
1544293800288511915
1544293800321845248
1544293800355178581
1544293800388511915
1544293800421845248
1544293800455178581
1544293800488511915
1544293800521845248
1544293800555178581
1544293800588511915
1544293800621845248
1544293800655178581
1544293800688511915
1544293800721845248
1544293800755178581
1544293800788511915
1544293800821845248
1544293800855178581
1544293800888511915
1544293800921845248
1544293800955178581
1544293800988511915
1544293801021845248
1544293801055178581
1544293801088511915
1544293801121845248
1544293801155178581
1544293801188511915
1544293801221845248
1544293801255178581
1544293801288511915
1544293801321845248
1544293801355178581
1544293801388511915
1544293801421845248
1544293801455178581
1544293801488511915
1544293801521845248
1544293801555178581
1544293801588511915
1544293801621845248
1544293801655178581
1544293801688511915
1544293801721845248
1544293801755178581
1544293801788511915
1544293801821845248
1544293801855178581
1544293801888511915
1544293801921845248
1544293801955178581
1544293801988511915
1544293802021845248
1544293802055178581
1544293802088511915
1544293802121845248
1544293802155178581
1544293802188511915
1544293802221845248
1544293802255178581
1544293802288511915
1544293802321845248
1544293802355178581
1544293802388511915
1544293802421845248
1544293802455178581
1544293802488511915
1544293802521845248
1544293802555178581
1544293802588511915
1544293802621845248
1544293802655178581
1544293802688511915
1544293802721845248
1544293802755178581
1544293802788511915
1544293802821845248
1544293802855178581
1544293802888511915
1544293802921845248
1544293802955178581
1544293802988511915
1544293803021845248
1544293803055178581
1544293803088511915
1544293803121845248
1544293803155178581
1544293803188511915
1544293803221845248
1544293803255178581
1544293803288511915
1544293803321845248
1544293803355178581
1544293803388511915
1544293803421845248
1544293803455178581
1544293803488511915
1544293803521845248
1544293803555178581
1544293803588511915
1544293803621845248
1544293803655178581
1544293803688511915
1544293803721845248
1544293803755178581
1544293803788511915
1544293803821845248
1544293803855178581
1544293803888511915
1544293803921845248
1544293803955178581
1544293803988511915
1544293804021845248
1544293804055178581
1544293804088511915
1544293804121845248
1544293804155178581
1544293804188511915
1544293804221845248
1544293804255178581
1544293804288511915
1544293804321845248
1544293804355178581
1544293804388511915
1544293804421845248
1544293804455178581
1544293804488511915
1544293804521845248
1544293804555178581
1544293804588511915
1544293804621845248
1544293804655178581
1544293804688511915
1544293804721845248
1544293804755178581
1544293804788511915
1544293804821845248
1544293804855178581
1544293804888511915
1544293804921845248
1544293804955178581
1544293804988511915
1544293805021845248
1544293805055178581
1544293805088511915
1544293805121845248
1544293805155178581
1544293805188511915
1544293805221845248
1544293805255178581
1544293805288511915
1544293805321845248
1544293805355178581
1544293805388511915
1544293805421845248
1544293805455178581
1544293805488511915
1544293805521845248
1544293805555178581
1544293805588511915
1544293805621845248
1544293805655178581
1544293805688511915
1544293805721845248
1544293805755178581
1544293805788511915
1544293805821845248
1544293805855178581
1544293805888511915
1544293805921845248
1544293805955178581
1544293805988511915
1544293806021845248
1544293806055178581
1544293806088511915
1544293806121845248
1544293806155178581
1544293806188511915
1544293806221845248
1544293806255178581
1544293806288511915
1544293806321845248
1544293806355178581
1544293806388511915
1544293806421845248
1544293806455178581
1544293806488511915
1544293806521845248
1544293806555178581
1544293806588511915
1544293806621845248
1544293806655178581
1544293806688511915
1544293806721845248
1544293806755178581
1544293806788511915
1544293806821845248
1544293806855178581
1544293806888511915
1544293806921845248
1544293806955178581
1544293806988511915
1544293807021845248
1544293807055178581
1544293807088511915
1544293807121845248
1544293807155178581
1544293807188511915
1544293807221845248
1544293807255178581
1544293807288511914
1544293807321845248
1544293807355178581
1544293807388511915
1544293807421845248
1544293807455178581
1544293807488511915
1544293807521845248
1544293807555178581
1544293807588511915
1544293807621845248
1544293807655178581
1544293807688511915
1544293807721845248
1544293807755178581
1544293807788511914
1544293807821845248
1544293807855178581
1544293807888511915
1544293807921845248
1544293807955178581
1544293807988511915
1544293808021845248
1544293808055178581
1544293808088511915
1544293808121845248
1544293808155178581
1544293808188511915
1544293808221845248
1544293808255178581
1544293808288511914
1544293808321845248
1544293808355178581
1544293808388511915
1544293808421845248
1544293808455178581
1544293808488511915
1544293808521845248
1544293808555178581
1544293808588511915
1544293808621845248
1544293808655178581
1544293808688511915
1544293808721845248
1544293808755178581
1544293808788511914
1544293808821845248
1544293808855178581
1544293808888511915
1544293808921845248
1544293808955178581
1544293808988511915
1544293809021845248
1544293809055178581
1544293809088511915
1544293809121845248
1544293809155178581
1544293809188511915
1544293809221845248
1544293809255178581
1544293809288511914
1544293809321845248
1544293809355178581
1544293809388511915
1544293809421845248
1544293809455178581
1544293809488511915
1544293809521845248
1544293809555178581
1544293809588511915
1544293809621845248
1544293809655178581
1544293809688511915
1544293809721845248
1544293809755178581
1544293809788511914
1544293809821845248
1544293809855178581
1544293809888511915
1544293809921845248
1544293809955178581
1544293809988511915
1544293810021845248
1544293810055178581
1544293810088511915
1544293810121845248
1544293810155178581
1544293810188511915
1544293810221845248
1544293810255178581
1544293810288511914
1544293810321845248
1544293810355178581
1544293810388511915
1544293810421845248
1544293810455178581
1544293810488511915
1544293810521845248
1544293810555178581
1544293810588511915
1544293810621845248
1544293810655178581
1544293810688511915
1544293810721845248
1544293810755178581
1544293810788511914
1544293810821845248
1544293810855178581
1544293810888511915
1544293810921845248
1544293810955178581
1544293810988511915
1544293811021845248
1544293811055178581
1544293811088511915
1544293811121845248
1544293811155178581
1544293811188511915
1544293811221845248
1544293811255178581
1544293811288511914
1544293811321845248
1544293811355178581
1544293811388511915
1544293811421845248
1544293811455178581
1544293811488511915
1544293811521845248
1544293811555178581
1544293811588511915
1544293811621845248
1544293811655178581
1544293811688511915
1544293811721845248
1544293811755178581
1544293811788511914
1544293811821845248
1544293811855178581
1544293811888511915
1544293811921845248
1544293811955178581
1544293811988511915
1544293812021845248
1544293812055178581
1544293812088511915
1544293812121845248
1544293812155178581
1544293812188511915
1544293812221845248
1544293812255178581
1544293812288511914
1544293812321845248
1544293812355178581
1544293812388511915
1544293812421845248
1544293812455178581
1544293812488511915
1544293812521845248
1544293812555178581
1544293812588511915
1544293812621845248
1544293812655178581
1544293812688511915
1544293812721845248
1544293812755178581
1544293812788511914
1544293812821845248
1544293812855178581
1544293812888511915
1544293812921845248
1544293812955178581
1544293812988511915
1544293813021845248
1544293813055178581
1544293813088511915
1544293813121845248
1544293813155178581
1544293813188511915
1544293813221845248
1544293813255178581
1544293813288511914
1544293813321845248
1544293813355178581
1544293813388511915
1544293813421845248
1544293813455178581
1544293813488511915
1544293813521845248
1544293813555178581
1544293813588511915
1544293813621845248
1544293813655178581
1544293813688511915
1544293813721845248
1544293813755178581
1544293813788511914
1544293813821845248
1544293813855178581
1544293813888511915
1544293813921845248
1544293813955178581
1544293813988511915
1544293814021845248
1544293814055178581
1544293814088511915
1544293814121845248
1544293814155178581
1544293814188511915
1544293814221845248
1544293814255178581
1544293814288511914
1544293814321845248
1544293814355178581
1544293814388511915
1544293814421845248
1544293814455178581
1544293814488511915
1544293814521845248
1544293814555178581
1544293814588511915
1544293814621845248
1544293814655178581
1544293814688511915
1544293814721845248
1544293814755178581
1544293814788511914
1544293814821845248
1544293814855178581
1544293814888511915
1544293814921845248
1544293814955178581
1544293814988511915
1544293815021845248
1544293815055178581
1544293815088511915
1544293815121845248
1544293815155178581
1544293815188511915
1544293815221845248
1544293815255178581
1544293815288511914
1544293815321845248
1544293815355178581
1544293815388511915
1544293815421845248
1544293815455178581
1544293815488511915
1544293815521845248
1544293815555178581
1544293815588511915
1544293815621845248
1544293815655178581
1544293815688511915
1544293815721845248
1544293815755178581
1544293815788511914
1544293815821845248
1544293815855178581
1544293815888511915
1544293815921845248
1544293815955178581
1544293815988511915
1544293816021845248
1544293816055178581
1544293816088511915
1544293816121845248
1544293816155178581
1544293816188511915
1544293816221845248
1544293816255178581
1544293816288511914
1544293816321845248
1544293816355178581
1544293816388511915
1544293816421845248
1544293816455178581
1544293816488511915
1544293816521845248
1544293816555178581
1544293816588511915
1544293816621845248
1544293816655178581
1544293816688511915
1544293816721845248
1544293816755178581
1544293816788511914
1544293816821845248
1544293816855178581
1544293816888511915
1544293816921845248
1544293816955178581
1544293816988511915
1544293817021845248
1544293817055178581
1544293817088511915
1544293817121845248
1544293817155178581
1544293817188511915
1544293817221845248
1544293817255178581
1544293817288511914
1544293817321845248
1544293817355178581
1544293817388511915
1544293817421845248
1544293817455178581
1544293817488511915
1544293817521845248
1544293817555178581
1544293817588511915
1544293817621845248
1544293817655178581
1544293817688511915
1544293817721845248
1544293817755178581
1544293817788511914
1544293817821845248
1544293817855178581
1544293817888511915
1544293817921845248
1544293817955178581
1544293817988511915
1544293818021845248
1544293818055178581
1544293818088511915
1544293818121845248
1544293818155178581
1544293818188511915
1544293818221845248
1544293818255178581
1544293818288511914
1544293818321845248
1544293818355178581
1544293818388511915
1544293818421845248
1544293818455178581
1544293818488511915
1544293818521845248
1544293818555178581
1544293818588511915
1544293818621845248
1544293818655178581
1544293818688511915
1544293818721845248
1544293818755178581
1544293818788511914
1544293818821845248
1544293818855178581
1544293818888511915
1544293818921845248
1544293818955178581
1544293818988511915
1544293819021845248
1544293819055178581
1544293819088511915
1544293819121845248
1544293819155178581
1544293819188511915
1544293819221845248
1544293819255178581
1544293819288511914
1544293819321845248
1544293819355178581
1544293819388511915
1544293819421845248
1544293819455178581
1544293819488511915
1544293819521845248
1544293819555178581
1544293819588511915
1544293819621845248
1544293819655178581
1544293819688511915
1544293819721845248
1544293819755178581
1544293819788511914
1544293819821845248
1544293819855178581
1544293819888511915
1544293819921845248
1544293819955178581
1544293819988511915
1544293820021845248
1544293820055178581
1544293820088511915
1544293820121845248
1544293820155178581
1544293820188511915
1544293820221845248
1544293820255178581
1544293820288511914
1544293820321845248
1544293820355178581
1544293820388511915
1544293820421845248
1544293820455178581
1544293820488511915
1544293820521845248
1544293820555178581
1544293820588511915
1544293820621845248
1544293820655178581
1544293820688511915
1544293820721845248
1544293820755178581
1544293820788511914
1544293820821845248
1544293820855178581
1544293820888511915
1544293820921845248
1544293820955178581
1544293820988511915
1544293821021845248
1544293821055178581
1544293821088511915
1544293821121845248
1544293821155178581
1544293821188511915
1544293821221845248
1544293821255178581
1544293821288511914
1544293821321845248
1544293821355178581
1544293821388511915
1544293821421845248
1544293821455178581
1544293821488511915
1544293821521845248
1544293821555178581
1544293821588511915
1544293821621845248
1544293821655178581
1544293821688511915
1544293821721845248
1544293821755178581
1544293821788511914
1544293821821845248
1544293821855178581
1544293821888511915
1544293821921845248
1544293821955178581
1544293821988511915
1544293822021845248
1544293822055178581
1544293822088511915
1544293822121845248
1544293822155178581
1544293822188511915
1544293822221845248
1544293822255178581
1544293822288511914
1544293822321845248
1544293822355178581
1544293822388511915
1544293822421845248
1544293822455178581
1544293822488511915
1544293822521845248
1544293822555178581
1544293822588511915
1544293822621845248
1544293822655178581
1544293822688511915
1544293822721845248
1544293822755178581
1544293822788511914
1544293822821845248
1544293822855178581
1544293822888511915
1544293822921845248
1544293822955178581
1544293822988511915
1544293823021845248
1544293823055178581
1544293823088511915
1544293823121845248
1544293823155178581
1544293823188511915
1544293823221845248
1544293823255178581
1544293823288511914
1544293823321845248
1544293823355178581
1544293823388511915
1544293823421845248
1544293823455178581
1544293823488511915
1544293823521845248
1544293823555178581
1544293823588511915
1544293823621845248
1544293823655178581
1544293823688511915
1544293823721845248
1544293823755178581
1544293823788511914
1544293823821845248
1544293823855178581
1544293823888511915
1544293823921845248
1544293823955178581
1544293823988511915
1544293824021845248
1544293824055178581
1544293824088511915
1544293824121845248
1544293824155178581
1544293824188511915
1544293824221845248
1544293824255178581
1544293824288511914
1544293824321845248
1544293824355178581
1544293824388511915
1544293824421845248
1544293824455178581
1544293824488511915
1544293824521845248
1544293824555178581
1544293824588511915
1544293824621845248
1544293824655178581
1544293824688511915
1544293824721845248
1544293824755178581
1544293824788511914
1544293824821845248
1544293824855178581
1544293824888511915
1544293824921845248
1544293824955178581
1544293824988511915
1544293825021845248
1544293825055178581
1544293825088511915
1544293825121845248
1544293825155178581
1544293825188511915
1544293825221845248
1544293825255178581
1544293825288511914
1544293825321845248
1544293825355178581
1544293825388511915
1544293825421845248
1544293825455178581
1544293825488511915
1544293825521845248
1544293825555178581
1544293825588511915
1544293825621845248
1544293825655178581
1544293825688511915
1544293825721845248
1544293825755178581
1544293825788511914
1544293825821845248
1544293825855178581
1544293825888511915
1544293825921845248
1544293825955178581
1544293825988511915
1544293826021845248
1544293826055178581
1544293826088511915
1544293826121845248
1544293826155178581
1544293826188511915
1544293826221845248
1544293826255178581
1544293826288511914
1544293826321845248
1544293826355178581
1544293826388511915
1544293826421845248
1544293826455178581
1544293826488511915
1544293826521845248
1544293826555178581
1544293826588511915
1544293826621845248
1544293826655178581
1544293826688511915
1544293826721845248
1544293826755178581
1544293826788511914
1544293826821845248
1544293826855178581
1544293826888511915
1544293826921845248
1544293826955178581
1544293826988511915
1544293827021845248
1544293827055178581
1544293827088511915
