1544217265567428309
1544217265584094976
1544217265600761643
1544217265617428309
1544217265634094976
1544217265650761643
1544217265667428309
1544217265684094976
1544217265700761643
1544217265717428309
1544217265734094976
1544217265750761643
1544217265767428309
1544217265784094976
1544217265800761643
1544217265817428309
1544217265834094976
1544217265850761643
1544217265867428309
1544217265884094976
1544217265900761643
1544217265917428309
1544217265934094976
1544217265950761643
1544217265967428309
1544217265984094976
1544217266000761643
1544217266017428309
1544217266034094976
1544217266050761643
1544217266067428309
1544217266084094976
1544217266100761643
1544217266117428309
1544217266134094976
1544217266150761643
1544217266167428309
1544217266184094976
1544217266200761643
1544217266217428309
1544217266234094976
1544217266250761643
1544217266267428309
1544217266284094976
1544217266300761643
1544217266317428309
1544217266334094976
1544217266350761643
1544217266367428309
1544217266384094976
1544217266400761643
1544217266417428309
1544217266434094976
1544217266450761643
1544217266467428309
1544217266484094976
1544217266500761643
1544217266517428309
1544217266534094976
1544217266550761643
1544217266567428309
1544217266584094976
1544217266600761643
1544217266617428309
1544217266634094976
1544217266650761643
1544217266667428309
1544217266684094976
1544217266700761643
1544217266717428309
1544217266734094976
1544217266750761643
1544217266767428309
1544217266784094976
1544217266800761643
1544217266817428309
1544217266834094976
1544217266850761643
1544217266867428309
1544217266884094976
1544217266900761643
1544217266917428309
1544217266934094976
1544217266950761643
1544217266967428309
1544217266984094976
1544217267000761643
1544217267017428309
1544217267034094976
1544217267050761643
1544217267067428309
1544217267084094976
1544217267100761643
1544217267117428309
1544217267134094976
1544217267150761643
1544217267167428309
1544217267184094976
1544217267200761643
1544217267217428309
1544217267234094976
1544217267250761643
1544217267267428309
1544217267284094976
1544217267300761643
1544217267317428309
1544217267334094976
1544217267350761643
1544217267367428309
1544217267384094976
1544217267400761643
1544217267417428309
1544217267434094976
1544217267450761643
1544217267467428309
1544217267484094976
1544217267500761643
1544217267517428309
1544217267534094976
1544217267550761643
1544217267567428309
1544217267584094976
1544217267600761643
1544217267617428309
1544217267634094976
1544217267650761643
1544217267667428309
1544217267684094976
1544217267700761643
1544217267717428309
1544217267734094976
1544217267750761643
1544217267767428309
1544217267784094976
1544217267800761643
1544217267817428309
1544217267834094976
1544217267850761643
1544217267867428309
1544217267884094976
1544217267900761643
1544217267917428309
1544217267934094976
1544217267950761643
1544217267967428309
1544217267984094976
1544217268000761643
1544217268017428309
1544217268034094976
1544217268050761643
1544217268067428309
1544217268084094976
1544217268100761643
1544217268117428309
1544217268134094976
1544217268150761643
1544217268167428309
1544217268184094976
1544217268200761643
1544217268217428309
1544217268234094976
1544217268250761643
1544217268267428309
1544217268284094976
1544217268300761643
1544217268317428309
1544217268334094976
1544217268350761643
1544217268367428309
1544217268384094976
1544217268400761643
1544217268417428309
1544217268434094976
1544217268450761643
1544217268467428309
1544217268484094976
1544217268500761643
1544217268517428309
1544217268534094976
1544217268550761643
1544217268567428309
1544217268584094976
1544217268600761643
1544217268617428309
1544217268634094976
1544217268650761643
1544217268667428309
1544217268684094976
1544217268700761643
1544217268717428309
1544217268734094976
1544217268750761643
1544217268767428309
1544217268784094976
1544217268800761643
1544217268817428309
1544217268834094976
1544217268850761643
1544217268867428309
1544217268884094976
1544217268900761643
1544217268917428309
1544217268934094976
1544217268950761643
1544217268967428309
1544217268984094976
1544217269000761643
1544217269017428309
1544217269034094976
1544217269050761643
1544217269067428309
1544217269084094976
1544217269100761643
1544217269117428309
1544217269134094976
1544217269150761643
1544217269167428309
1544217269184094976
1544217269200761643
1544217269217428309
1544217269234094976
1544217269250761643
1544217269267428309
1544217269284094976
1544217269300761643
1544217269317428309
1544217269334094976
1544217269350761643
1544217269367428309
1544217269384094976
1544217269400761643
1544217269417428309
1544217269434094976
1544217269450761643
1544217269467428309
1544217269484094976
1544217269500761643
1544217269517428309
1544217269534094976
1544217269550761643
1544217269567428309
1544217269584094976
1544217269600761643
1544217269617428309
1544217269634094976
1544217269650761643
1544217269667428309
1544217269684094976
1544217269700761643
1544217269717428309
1544217269734094976
1544217269750761643
1544217269767428309
1544217269784094976
1544217269800761643
1544217269817428309
1544217269834094976
1544217269850761643
1544217269867428309
1544217269884094976
1544217269900761643
1544217269917428309
1544217269934094976
1544217269950761643
1544217269967428309
1544217269984094976
1544217270000761643
1544217270017428309
1544217270034094976
1544217270050761643
1544217270067428309
1544217270084094976
1544217270100761643
1544217270117428309
1544217270134094976
1544217270150761643
1544217270167428309
1544217270184094976
1544217270200761643
1544217270217428309
1544217270234094976
1544217270250761643
1544217270267428309
1544217270284094976
1544217270300761643
1544217270317428309
1544217270334094976
1544217270350761643
1544217270367428309
1544217270384094976
1544217270400761643
1544217270417428309
1544217270434094976
1544217270450761643
1544217270467428309
1544217270484094976
1544217270500761643
1544217270517428309
1544217270534094976
1544217270550761643
1544217270567428309
1544217270584094976
1544217270600761643
1544217270617428309
1544217270634094976
1544217270650761643
1544217270667428309
1544217270684094976
1544217270700761643
1544217270717428309
1544217270734094976
1544217270750761643
1544217270767428309
1544217270784094976
1544217270800761643
1544217270817428309
1544217270834094976
1544217270850761643
1544217270867428309
1544217270884094976
1544217270900761643
1544217270917428309
1544217270934094976
1544217270950761643
1544217270967428309
1544217270984094976
1544217271000761643
1544217271017428309
1544217271034094976
1544217271050761643
1544217271067428309
1544217271084094976
1544217271100761643
1544217271117428309
1544217271134094976
1544217271150761643
1544217271167428309
1544217271184094976
1544217271200761643
1544217271217428309
1544217271234094976
1544217271250761643
1544217271267428309
1544217271284094976
1544217271300761643
1544217271317428309
1544217271334094976
1544217271350761643
1544217271367428309
1544217271384094976
1544217271400761643
1544217271417428309
1544217271434094976
1544217271450761643
1544217271467428309
1544217271484094976
1544217271500761643
1544217271517428309
1544217271534094976
1544217271550761643
1544217271567428309
1544217271584094976
1544217271600761642
1544217271617428309
1544217271634094976
1544217271650761643
1544217271667428309
1544217271684094976
1544217271700761643
1544217271717428309
1544217271734094976
1544217271750761643
1544217271767428309
1544217271784094976
1544217271800761643
1544217271817428309
1544217271834094976
1544217271850761642
1544217271867428309
1544217271884094976
1544217271900761643
1544217271917428309
1544217271934094976
1544217271950761643
1544217271967428309
1544217271984094976
1544217272000761643
1544217272017428309
1544217272034094976
1544217272050761643
1544217272067428309
1544217272084094976
1544217272100761642
1544217272117428309
1544217272134094976
1544217272150761643
1544217272167428309
1544217272184094976
1544217272200761643
1544217272217428309
1544217272234094976
1544217272250761643
1544217272267428309
1544217272284094976
1544217272300761643
1544217272317428309
1544217272334094976
1544217272350761642
1544217272367428309
1544217272384094976
1544217272400761643
1544217272417428309
1544217272434094976
1544217272450761643
1544217272467428309
1544217272484094976
1544217272500761643
1544217272517428309
1544217272534094976
1544217272550761643
1544217272567428309
1544217272584094976
1544217272600761642
1544217272617428309
1544217272634094976
1544217272650761643
1544217272667428309
1544217272684094976
1544217272700761643
1544217272717428309
1544217272734094976
1544217272750761643
1544217272767428309
1544217272784094976
1544217272800761643
1544217272817428309
1544217272834094976
1544217272850761642
1544217272867428309
1544217272884094976
1544217272900761643
1544217272917428309
1544217272934094976
1544217272950761643
1544217272967428309
1544217272984094976
1544217273000761643
1544217273017428309
1544217273034094976
1544217273050761643
1544217273067428309
1544217273084094976
1544217273100761642
1544217273117428309
1544217273134094976
1544217273150761643
1544217273167428309
1544217273184094976
1544217273200761643
1544217273217428309
1544217273234094976
1544217273250761643
1544217273267428309
1544217273284094976
1544217273300761643
1544217273317428309
1544217273334094976
1544217273350761642
1544217273367428309
1544217273384094976
1544217273400761643
1544217273417428309
1544217273434094976
1544217273450761643
1544217273467428309
1544217273484094976
1544217273500761643
1544217273517428309
1544217273534094976
1544217273550761643
1544217273567428309
1544217273584094976
1544217273600761642
1544217273617428309
1544217273634094976
1544217273650761643
1544217273667428309
1544217273684094976
1544217273700761643
1544217273717428309
1544217273734094976
1544217273750761643
1544217273767428309
1544217273784094976
1544217273800761643
1544217273817428309
1544217273834094976
1544217273850761642
1544217273867428309
1544217273884094976
1544217273900761643
1544217273917428309
1544217273934094976
1544217273950761643
1544217273967428309
1544217273984094976
1544217274000761643
1544217274017428309
1544217274034094976
1544217274050761643
1544217274067428309
1544217274084094976
1544217274100761642
1544217274117428309
1544217274134094976
1544217274150761643
1544217274167428309
1544217274184094976
1544217274200761643
1544217274217428309
1544217274234094976
1544217274250761643
1544217274267428309
1544217274284094976
1544217274300761643
1544217274317428309
1544217274334094976
1544217274350761642
1544217274367428309
1544217274384094976
1544217274400761643
1544217274417428309
1544217274434094976
1544217274450761643
1544217274467428309
1544217274484094976
1544217274500761643
1544217274517428309
1544217274534094976
1544217274550761643
1544217274567428309
1544217274584094976
1544217274600761642
1544217274617428309
1544217274634094976
1544217274650761643
1544217274667428309
1544217274684094976
1544217274700761643
1544217274717428309
1544217274734094976
1544217274750761643
1544217274767428309
1544217274784094976
1544217274800761643
1544217274817428309
1544217274834094976
1544217274850761642
1544217274867428309
1544217274884094976
1544217274900761643
1544217274917428309
1544217274934094976
1544217274950761643
1544217274967428309
1544217274984094976
1544217275000761643
1544217275017428309
1544217275034094976
1544217275050761643
1544217275067428309
1544217275084094976
1544217275100761642
1544217275117428309
1544217275134094976
1544217275150761643
1544217275167428309
1544217275184094976
1544217275200761643
1544217275217428309
1544217275234094976
1544217275250761643
1544217275267428309
1544217275284094976
1544217275300761643
1544217275317428309
1544217275334094976
1544217275350761642
1544217275367428309
1544217275384094976
1544217275400761643
1544217275417428309
1544217275434094976
1544217275450761643
1544217275467428309
1544217275484094976
1544217275500761643
1544217275517428309
1544217275534094976
1544217275550761643
1544217275567428309
1544217275584094976
1544217275600761642
1544217275617428309
1544217275634094976
1544217275650761643
1544217275667428309
1544217275684094976
1544217275700761643
1544217275717428309
1544217275734094976
1544217275750761643
1544217275767428309
1544217275784094976
1544217275800761643
1544217275817428309
1544217275834094976
1544217275850761642
1544217275867428309
1544217275884094976
1544217275900761643
1544217275917428309
1544217275934094976
1544217275950761643
1544217275967428309
1544217275984094976
1544217276000761643
1544217276017428309
1544217276034094976
1544217276050761643
1544217276067428309
1544217276084094976
1544217276100761642
1544217276117428309
1544217276134094976
1544217276150761643
1544217276167428309
1544217276184094976
1544217276200761643
1544217276217428309
1544217276234094976
1544217276250761643
1544217276267428309
1544217276284094976
1544217276300761643
1544217276317428309
1544217276334094976
1544217276350761642
1544217276367428309
1544217276384094976
1544217276400761643
1544217276417428309
1544217276434094976
1544217276450761643
1544217276467428309
1544217276484094976
1544217276500761643
1544217276517428309
1544217276534094976
1544217276550761643
1544217276567428309
1544217276584094976
1544217276600761642
1544217276617428309
1544217276634094976
1544217276650761643
1544217276667428309
1544217276684094976
1544217276700761643
1544217276717428309
1544217276734094976
1544217276750761643
1544217276767428309
1544217276784094976
1544217276800761643
1544217276817428309
1544217276834094976
1544217276850761642
1544217276867428309
1544217276884094976
1544217276900761643
1544217276917428309
1544217276934094976
1544217276950761643
1544217276967428309
1544217276984094976
1544217277000761643
1544217277017428309
1544217277034094976
1544217277050761643
1544217277067428309
1544217277084094976
1544217277100761642
1544217277117428309
1544217277134094976
1544217277150761643
1544217277167428309
1544217277184094976
1544217277200761643
1544217277217428309
1544217277234094976
1544217277250761643
1544217277267428309
1544217277284094976
1544217277300761643
1544217277317428309
1544217277334094976
1544217277350761642
1544217277367428309
1544217277384094976
1544217277400761643
1544217277417428309
1544217277434094976
1544217277450761643
1544217277467428309
1544217277484094976
1544217277500761643
1544217277517428309
1544217277534094976
1544217277550761643
1544217277567428309
1544217277584094976
1544217277600761642
1544217277617428309
1544217277634094976
1544217277650761643
1544217277667428309
1544217277684094976
1544217277700761643
1544217277717428309
1544217277734094976
1544217277750761643
1544217277767428309
1544217277784094976
1544217277800761642
1544217277817428309
1544217277834094976
1544217277850761643
1544217277867428309
1544217277884094976
1544217277900761643
1544217277917428309
1544217277934094976
1544217277950761643
1544217277967428309
1544217277984094976
1544217278000761643
1544217278017428309
1544217278034094976
1544217278050761642
1544217278067428309
1544217278084094976
1544217278100761643
1544217278117428309
1544217278134094976
1544217278150761643
1544217278167428309
1544217278184094976
1544217278200761643
1544217278217428309
1544217278234094976
1544217278250761643
1544217278267428309
1544217278284094976
1544217278300761642
1544217278317428309
1544217278334094976
1544217278350761643
1544217278367428309
1544217278384094976
1544217278400761643
1544217278417428309
1544217278434094976
1544217278450761643
1544217278467428309
1544217278484094976
1544217278500761643
1544217278517428309
1544217278534094976
1544217278550761642
1544217278567428309
1544217278584094976
1544217278600761643
1544217278617428309
1544217278634094976
1544217278650761643
1544217278667428309
1544217278684094976
1544217278700761643
1544217278717428309
1544217278734094976
1544217278750761643
1544217278767428309
1544217278784094976
1544217278800761642
1544217278817428309
1544217278834094976
1544217278850761643
1544217278867428309
1544217278884094976
1544217278900761643
1544217278917428309
1544217278934094976
1544217278950761643
1544217278967428309
1544217278984094976
1544217279000761643
1544217279017428309
1544217279034094976
1544217279050761642
1544217279067428309
1544217279084094976
1544217279100761643
1544217279117428309
1544217279134094976
1544217279150761643
1544217279167428309
1544217279184094976
1544217279200761643
1544217279217428309
1544217279234094976
1544217279250761643
1544217279267428309
1544217279284094976
1544217279300761642
1544217279317428309
1544217279334094976
1544217279350761643
1544217279367428309
1544217279384094976
1544217279400761643
1544217279417428309
1544217279434094976
1544217279450761643
1544217279467428309
1544217279484094976
1544217279500761643
1544217279517428309
1544217279534094976
1544217279550761642
1544217279567428309
1544217279584094976
1544217279600761643
1544217279617428309
1544217279634094976
1544217279650761643
1544217279667428309
1544217279684094976
1544217279700761643
1544217279717428309
1544217279734094976
1544217279750761643
1544217279767428309
1544217279784094976
1544217279800761642
1544217279817428309
1544217279834094976
1544217279850761643
1544217279867428309
1544217279884094976
1544217279900761643
1544217279917428309
1544217279934094976
1544217279950761643
1544217279967428309
1544217279984094976
1544217280000761643
1544217280017428309
1544217280034094976
1544217280050761642
1544217280067428309
1544217280084094976
1544217280100761643
1544217280117428309
1544217280134094976
1544217280150761643
1544217280167428309
1544217280184094976
1544217280200761643
1544217280217428309
1544217280234094976
1544217280250761643
1544217280267428309
1544217280284094976
1544217280300761643
1544217280317428309
1544217280334094976
1544217280350761643
1544217280367428309
1544217280384094976
1544217280400761643
1544217280417428309
1544217280434094976
1544217280450761643
1544217280467428309
1544217280484094976
1544217280500761643
1544217280517428309
1544217280534094976
1544217280550761643
1544217280567428309
1544217280584094976
1544217280600761643
1544217280617428309
1544217280634094976
1544217280650761643
1544217280667428309
1544217280684094976
1544217280700761643
1544217280717428309
1544217280734094976
1544217280750761643
1544217280767428309
1544217280784094976
1544217280800761643
1544217280817428309
1544217280834094976
1544217280850761643
1544217280867428309
1544217280884094976
1544217280900761643
1544217280917428309
1544217280934094976
1544217280950761643
1544217280967428309
1544217280984094976
1544217281000761643
1544217281017428309
1544217281034094976
1544217281050761643
1544217281067428309
1544217281084094976
1544217281100761643
1544217281117428309
1544217281134094976
1544217281150761643
1544217281167428309
1544217281184094976
1544217281200761643
1544217281217428309
1544217281234094976
1544217281250761643
1544217281267428309
1544217281284094976
1544217281300761643
1544217281317428309
1544217281334094976
1544217281350761643
1544217281367428309
1544217281384094976
1544217281400761643
1544217281417428309
1544217281434094976
1544217281450761643
1544217281467428309
1544217281484094976
1544217281500761643
1544217281517428309
1544217281534094976
1544217281550761643
1544217281567428309
1544217281584094976
1544217281600761643
1544217281617428309
1544217281634094976
1544217281650761643
1544217281667428309
1544217281684094976
1544217281700761643
1544217281717428309
1544217281734094976
1544217281750761643
1544217281767428309
1544217281784094976
1544217281800761643
1544217281817428309
1544217281834094976
1544217281850761643
1544217281867428309
1544217281884094976
1544217281900761643
1544217281917428309
1544217281934094976
1544217281950761643
1544217281967428309
1544217281984094976
1544217282000761643
1544217282017428309
1544217282034094976
1544217282050761643
1544217282067428309
1544217282084094976
1544217282100761643
1544217282117428309
1544217282134094976
1544217282150761643
1544217282167428309
1544217282184094976
1544217282200761643
1544217282217428309
1544217282234094976
1544217282250761643
1544217282267428309
1544217282284094976
1544217282300761643
1544217282317428309
1544217282334094976
1544217282350761643
1544217282367428309
1544217282384094976
1544217282400761643
1544217282417428309
1544217282434094976
1544217282450761643
1544217282467428309
1544217282484094976
1544217282500761643
1544217282517428309
1544217282534094976
1544217282550761643
1544217282567428309
1544217282584094976
1544217282600761643
1544217282617428309
1544217282634094976
1544217282650761643
1544217282667428309
1544217282684094976
1544217282700761643
1544217282717428309
1544217282734094976
1544217282750761643
1544217282767428309
1544217282784094976
1544217282800761643
1544217282817428309
1544217282834094976
1544217282850761643
1544217282867428309
1544217282884094976
1544217282900761643
1544217282917428309
1544217282934094976
1544217282950761643
1544217282967428309
1544217282984094976
1544217283000761643
1544217283017428309
1544217283034094976
1544217283050761643
1544217283067428309
1544217283084094976
1544217283100761643
1544217283117428309
1544217283134094976
1544217283150761643
1544217283167428309
1544217283184094976
1544217283200761643
1544217283217428309
1544217283234094976
1544217283250761643
1544217283267428309
1544217283284094976
1544217283300761643
1544217283317428309
1544217283334094976
1544217283350761643
1544217283367428309
1544217283384094976
1544217283400761643
1544217283417428309
1544217283434094976
1544217283450761643
1544217283467428309
1544217283484094976
1544217283500761643
1544217283517428309
1544217283534094976
1544217283550761643
1544217283567428309
1544217283584094976
1544217283600761643
1544217283617428309
1544217283634094976
1544217283650761643
1544217283667428309
1544217283684094976
1544217283700761643
1544217283717428309
1544217283734094976
1544217283750761643
1544217283767428309
1544217283784094976
1544217283800761643
1544217283817428309
1544217283834094976
1544217283850761643
1544217283867428309
1544217283884094976
1544217283900761643
1544217283917428309
1544217283934094976
1544217283950761643
1544217283967428309
1544217283984094976
1544217284000761643
1544217284017428309
1544217284034094976
1544217284050761643
1544217284067428309
1544217284084094976
1544217284100761643
1544217284117428309
1544217284134094976
1544217284150761643
1544217284167428309
1544217284184094976
1544217284200761643
1544217284217428309
1544217284234094976
1544217284250761643
1544217284267428309
1544217284284094976
1544217284300761643
1544217284317428309
1544217284334094976
1544217284350761643
1544217284367428309
1544217284384094976
1544217284400761643
1544217284417428309
1544217284434094976
1544217284450761643
1544217284467428309
1544217284484094976
1544217284500761643
1544217284517428309
1544217284534094976
1544217284550761643
1544217284567428309
1544217284584094976
1544217284600761643
1544217284617428309
1544217284634094976
1544217284650761643
1544217284667428309
1544217284684094976
1544217284700761643
1544217284717428309
1544217284734094976
1544217284750761643
1544217284767428309
1544217284784094976
1544217284800761643
1544217284817428309
1544217284834094976
1544217284850761643
1544217284867428309
1544217284884094976
1544217284900761643
1544217284917428309
1544217284934094976
1544217284950761643
1544217284967428309
1544217284984094976
1544217285000761643
1544217285017428309
1544217285034094976
1544217285050761643
1544217285067428309
1544217285084094976
1544217285100761643
1544217285117428309
1544217285134094976
1544217285150761643
1544217285167428309
1544217285184094976
1544217285200761643
1544217285217428309
1544217285234094976
1544217285250761643
1544217285267428309
1544217285284094976
1544217285300761643
1544217285317428309
1544217285334094976
1544217285350761643
1544217285367428309
1544217285384094976
1544217285400761643
1544217285417428309
1544217285434094976
1544217285450761643
1544217285467428309
1544217285484094976
1544217285500761643
1544217285517428309
1544217285534094976
1544217285550761643
1544217285567428309
1544217285584094976
1544217285600761643
1544217285617428309
1544217285634094976
1544217285650761643
1544217285667428309
1544217285684094976
1544217285700761643
1544217285717428309
1544217285734094976
1544217285750761643
1544217285767428309
1544217285784094976
1544217285800761643
1544217285817428309
1544217285834094976
1544217285850761643
1544217285867428309
1544217285884094976
1544217285900761643
1544217285917428309
1544217285934094976
1544217285950761643
1544217285967428309
1544217285984094976
1544217286000761643
1544217286017428309
1544217286034094976
1544217286050761643
1544217286067428309
1544217286084094976
1544217286100761643
1544217286117428309
1544217286134094976
1544217286150761643
1544217286167428309
1544217286184094976
1544217286200761643
1544217286217428309
1544217286234094976
1544217286250761643
1544217286267428309
1544217286284094976
1544217286300761643
1544217286317428309
1544217286334094976
1544217286350761643
1544217286367428309
1544217286384094976
1544217286400761643
1544217286417428309
1544217286434094976
1544217286450761643
1544217286467428309
1544217286484094976
1544217286500761643
1544217286517428309
1544217286534094976
1544217286550761643
1544217286567428309
1544217286584094976
1544217286600761643
1544217286617428309
1544217286634094976
1544217286650761643
1544217286667428309
1544217286684094976
1544217286700761643
1544217286717428309
1544217286734094976
1544217286750761643
1544217286767428309
1544217286784094976
1544217286800761643
1544217286817428309
1544217286834094976
1544217286850761643
1544217286867428309
1544217286884094976
1544217286900761643
1544217286917428309
1544217286934094976
1544217286950761643
1544217286967428309
1544217286984094976
1544217287000761643
1544217287017428309
1544217287034094976
1544217287050761643
1544217287067428309
1544217287084094976
1544217287100761643
1544217287117428309
1544217287134094976
1544217287150761643
1544217287167428309
1544217287184094976
1544217287200761643
1544217287217428309
1544217287234094976
1544217287250761643
1544217287267428309
1544217287284094976
1544217287300761643
1544217287317428309
1544217287334094976
1544217287350761643
1544217287367428309
1544217287384094976
1544217287400761643
1544217287417428309
1544217287434094976
1544217287450761643
1544217287467428309
1544217287484094976
1544217287500761643
1544217287517428309
1544217287534094976
1544217287550761643
1544217287567428309
1544217287584094976
1544217287600761643
1544217287617428309
1544217287634094976
1544217287650761643
1544217287667428309
1544217287684094976
1544217287700761643
1544217287717428309
1544217287734094976
1544217287750761643
1544217287767428309
1544217287784094976
1544217287800761643
1544217287817428309
1544217287834094976
1544217287850761643
1544217287867428309
1544217287884094976
1544217287900761643
1544217287917428309
1544217287934094976
1544217287950761643
1544217287967428309
1544217287984094976
1544217288000761643
1544217288017428309
1544217288034094976
1544217288050761643
1544217288067428309
1544217288084094976
1544217288100761643
1544217288117428309
1544217288134094976
1544217288150761643
1544217288167428309
1544217288184094976
1544217288200761643
1544217288217428309
1544217288234094976
1544217288250761643
1544217288267428309
1544217288284094976
1544217288300761643
1544217288317428309
1544217288334094976
1544217288350761643
1544217288367428309
1544217288384094976
1544217288400761643
1544217288417428309
1544217288434094976
1544217288450761643
1544217288467428309
1544217288484094976
1544217288500761643
1544217288517428309
1544217288534094976
1544217288550761643
1544217288567428309
1544217288584094976
1544217288600761643
1544217288617428309
1544217288634094976
1544217288650761643
1544217288667428309
1544217288684094976
1544217288700761643
1544217288717428309
1544217288734094976
1544217288750761643
1544217288767428309
1544217288784094976
1544217288800761643
1544217288817428309
1544217288834094976
1544217288850761643
1544217288867428309
1544217288884094976
1544217288900761643
1544217288917428309
1544217288934094976
1544217288950761643
1544217288967428309
1544217288984094976
1544217289000761643
1544217289017428309
1544217289034094976
1544217289050761643
1544217289067428309
1544217289084094976
1544217289100761643
1544217289117428309
1544217289134094976
1544217289150761643
1544217289167428309
1544217289184094976
1544217289200761643
1544217289217428309
1544217289234094976
1544217289250761643
1544217289267428309
1544217289284094976
1544217289300761643
1544217289317428309
1544217289334094976
1544217289350761643
1544217289367428309
1544217289384094976
1544217289400761643
1544217289417428309
1544217289434094976
1544217289450761643
1544217289467428309
1544217289484094976
1544217289500761643
1544217289517428309
1544217289534094976
1544217289550761643
1544217289567428309
1544217289584094976
1544217289600761643
1544217289617428309
1544217289634094976
1544217289650761643
1544217289667428309
1544217289684094976
1544217289700761643
1544217289717428309
1544217289734094976
1544217289750761643
1544217289767428309
1544217289784094976
1544217289800761643
1544217289817428309
1544217289834094976
1544217289850761643
1544217289867428309
1544217289884094976
1544217289900761643
1544217289917428309
1544217289934094976
1544217289950761643
1544217289967428309
1544217289984094976
1544217290000761643
1544217290017428309
1544217290034094976
1544217290050761643
1544217290067428309
1544217290084094976
1544217290100761643
1544217290117428309
1544217290134094976
1544217290150761643
1544217290167428309
1544217290184094976
1544217290200761643
1544217290217428309
1544217290234094976
1544217290250761643
1544217290267428309
1544217290284094976
1544217290300761643
1544217290317428309
1544217290334094976
1544217290350761643
1544217290367428309
1544217290384094976
1544217290400761643
1544217290417428309
1544217290434094976
1544217290450761643
1544217290467428309
1544217290484094976
1544217290500761643
1544217290517428309
1544217290534094976
1544217290550761643
1544217290567428309
1544217290584094976
1544217290600761643
1544217290617428309
1544217290634094976
1544217290650761643
1544217290667428309
1544217290684094976
1544217290700761643
1544217290717428309
1544217290734094976
1544217290750761643
1544217290767428309
1544217290784094976
1544217290800761643
1544217290817428309
1544217290834094976
1544217290850761643
1544217290867428309
1544217290884094976
1544217290900761643
1544217290917428309
1544217290934094976
1544217290950761643
1544217290967428309
1544217290984094976
1544217291000761643
1544217291017428309
1544217291034094976
1544217291050761643
1544217291067428309
1544217291084094976
1544217291100761643
1544217291117428309
1544217291134094976
1544217291150761643
1544217291167428309
1544217291184094976
1544217291200761643
1544217291217428309
1544217291234094976
1544217291250761643
1544217291267428309
1544217291284094976
1544217291300761643
1544217291317428309
1544217291334094976
1544217291350761643
1544217291367428309
1544217291384094976
1544217291400761643
1544217291417428309
1544217291434094976
1544217291450761643
1544217291467428309
1544217291484094976
1544217291500761643
1544217291517428309
1544217291534094976
1544217291550761643
1544217291567428309
1544217291584094976
1544217291600761643
1544217291617428309
1544217291634094976
1544217291650761643
1544217291667428309
1544217291684094976
1544217291700761643
1544217291717428309
1544217291734094976
1544217291750761643
1544217291767428309
1544217291784094976
1544217291800761643
1544217291817428309
1544217291834094976
1544217291850761643
1544217291867428309
1544217291884094976
1544217291900761643
1544217291917428309
1544217291934094976
1544217291950761643
1544217291967428309
1544217291984094976
1544217292000761643
1544217292017428309
1544217292034094976
1544217292050761643
1544217292067428309
1544217292084094976
1544217292100761643
1544217292117428309
1544217292134094976
1544217292150761643
1544217292167428309
1544217292184094976
1544217292200761643
1544217292217428309
1544217292234094976
1544217292250761643
1544217292267428309
1544217292284094976
1544217292300761643
1544217292317428309
1544217292334094976
1544217292350761643
1544217292367428309
1544217292384094976
1544217292400761643
1544217292417428309
1544217292434094976
1544217292450761643
1544217292467428309
1544217292484094976
1544217292500761643
1544217292517428309
1544217292534094976
1544217292550761643
1544217292567428309
1544217292584094976
1544217292600761643
1544217292617428309
1544217292634094976
1544217292650761643
1544217292667428309
1544217292684094976
1544217292700761643
1544217292717428309
1544217292734094976
1544217292750761643
1544217292767428309
1544217292784094976
1544217292800761643
1544217292817428309
1544217292834094976
1544217292850761643
1544217292867428309
1544217292884094976
1544217292900761643
1544217292917428309
1544217292934094976
1544217292950761643
1544217292967428309
1544217292984094976
1544217293000761643
1544217293017428309
1544217293034094976
1544217293050761643
1544217293067428309
1544217293084094976
1544217293100761643
1544217293117428309
1544217293134094976
1544217293150761643
1544217293167428309
1544217293184094976
1544217293200761643
1544217293217428309
1544217293234094976
1544217293250761643
1544217293267428309
1544217293284094976
1544217293300761643
1544217293317428309
1544217293334094976
1544217293350761643
1544217293367428309
1544217293384094976
1544217293400761643
1544217293417428309
1544217293434094976
1544217293450761643
1544217293467428309
1544217293484094976
1544217293500761643
1544217293517428309
1544217293534094976
1544217293550761643
1544217293567428309
1544217293584094976
1544217293600761643
1544217293617428309
1544217293634094976
1544217293650761643
1544217293667428309
1544217293684094976
1544217293700761643
1544217293717428309
1544217293734094976
1544217293750761643
1544217293767428309
1544217293784094976
1544217293800761643
1544217293817428309
1544217293834094976
1544217293850761643
1544217293867428309
1544217293884094976
1544217293900761643
1544217293917428309
1544217293934094976
1544217293950761643
1544217293967428309
1544217293984094976
1544217294000761643
1544217294017428309
1544217294034094976
1544217294050761643
1544217294067428309
1544217294084094976
1544217294100761643
1544217294117428309
1544217294134094976
1544217294150761643
1544217294167428309
1544217294184094976
1544217294200761643
1544217294217428309
1544217294234094976
1544217294250761643
1544217294267428309
1544217294284094976
1544217294300761643
1544217294317428309
1544217294334094976
1544217294350761643
1544217294367428309
1544217294384094976
1544217294400761643
1544217294417428309
1544217294434094976
1544217294450761643
1544217294467428309
1544217294484094976
1544217294500761643
1544217294517428309
1544217294534094976
1544217294550761643
1544217294567428309
1544217294584094976
1544217294600761643
1544217294617428309
1544217294634094976
1544217294650761643
1544217294667428309
1544217294684094976
1544217294700761643
1544217294717428309
1544217294734094976
1544217294750761643
1544217294767428309
1544217294784094976
1544217294800761643
1544217294817428309
1544217294834094976
1544217294850761643
1544217294867428309
1544217294884094976
1544217294900761643
1544217294917428309
1544217294934094976
1544217294950761643
1544217294967428309
1544217294984094976
1544217295000761643
1544217295017428309
1544217295034094976
1544217295050761643
1544217295067428309
1544217295084094976
1544217295100761643
1544217295117428309
1544217295134094976
1544217295150761643
1544217295167428309
1544217295184094976
1544217295200761643
1544217295217428309
1544217295234094976
1544217295250761643
1544217295267428309
1544217295284094976
1544217295300761643
1544217295317428309
1544217295334094976
1544217295350761643
1544217295367428309
1544217295384094976
1544217295400761643
1544217295417428309
1544217295434094976
1544217295450761643
1544217295467428309
1544217295484094976
1544217295500761643
1544217295517428309
1544217295534094976
1544217295550761643
1544217295567428309
1544217295584094976
1544217295600761643
1544217295617428309
1544217295634094976
1544217295650761643
1544217295667428309
1544217295684094976
1544217295700761643
1544217295717428309
1544217295734094976
1544217295750761643
1544217295767428309
1544217295784094976
1544217295800761643
1544217295817428309
1544217295834094976
1544217295850761643
1544217295867428309
1544217295884094976
1544217295900761643
1544217295917428309
1544217295934094976
1544217295950761643
1544217295967428309
1544217295984094976
1544217296000761643
1544217296017428309
1544217296034094976
1544217296050761643
1544217296067428309
1544217296084094976
1544217296100761643
1544217296117428309
1544217296134094976
1544217296150761643
1544217296167428309
1544217296184094976
1544217296200761643
1544217296217428309
1544217296234094976
1544217296250761643
1544217296267428309
1544217296284094976
1544217296300761643
1544217296317428309
1544217296334094976
1544217296350761643
1544217296367428309
1544217296384094976
1544217296400761643
1544217296417428309
1544217296434094976
1544217296450761643
1544217296467428309
1544217296484094976
1544217296500761643
1544217296517428309
1544217296534094976
1544217296550761643
1544217296567428309
1544217296584094976
1544217296600761643
1544217296617428309
1544217296634094976
1544217296650761643
1544217296667428309
1544217296684094976
1544217296700761643
1544217296717428309
1544217296734094976
1544217296750761643
1544217296767428309
1544217296784094976
1544217296800761643
1544217296817428309
1544217296834094976
1544217296850761643
1544217296867428309
1544217296884094976
1544217296900761643
1544217296917428309
1544217296934094976
1544217296950761643
1544217296967428309
1544217296984094976
1544217297000761643
1544217297017428309
1544217297034094976
1544217297050761643
1544217297067428309
1544217297084094976
1544217297100761643
1544217297117428309
1544217297134094976
1544217297150761643
1544217297167428309
1544217297184094976
1544217297200761642
1544217297217428309
1544217297234094976
1544217297250761643
1544217297267428309
1544217297284094976
1544217297300761643
1544217297317428309
1544217297334094976
1544217297350761643
1544217297367428309
1544217297384094976
1544217297400761643
1544217297417428309
1544217297434094976
1544217297450761642
1544217297467428309
1544217297484094976
1544217297500761643
1544217297517428309
1544217297534094976
1544217297550761643
1544217297567428309
1544217297584094976
1544217297600761643
1544217297617428309
1544217297634094976
1544217297650761643
1544217297667428309
1544217297684094976
1544217297700761642
1544217297717428309
1544217297734094976
1544217297750761643
1544217297767428309
1544217297784094976
1544217297800761643
1544217297817428309
1544217297834094976
1544217297850761643
1544217297867428309
1544217297884094976
1544217297900761643
1544217297917428309
1544217297934094976
1544217297950761642
1544217297967428309
1544217297984094976
1544217298000761643
1544217298017428309
1544217298034094976
1544217298050761643
1544217298067428309
1544217298084094976
1544217298100761643
1544217298117428309
1544217298134094976
1544217298150761643
1544217298167428309
1544217298184094976
1544217298200761642
1544217298217428309
1544217298234094976
1544217298250761643
1544217298267428309
1544217298284094976
1544217298300761643
1544217298317428309
1544217298334094976
1544217298350761643
1544217298367428309
1544217298384094976
1544217298400761643
1544217298417428309
1544217298434094976
1544217298450761642
1544217298467428309
1544217298484094976
1544217298500761643
1544217298517428309
1544217298534094976
1544217298550761643
1544217298567428309
1544217298584094976
1544217298600761643
1544217298617428309
1544217298634094976
1544217298650761643
1544217298667428309
1544217298684094976
1544217298700761642
1544217298717428309
1544217298734094976
1544217298750761643
1544217298767428309
1544217298784094976
1544217298800761643
1544217298817428309
1544217298834094976
1544217298850761643
1544217298867428309
1544217298884094976
1544217298900761643
1544217298917428309
1544217298934094976
1544217298950761642
1544217298967428309
1544217298984094976
1544217299000761643
1544217299017428309
1544217299034094976
1544217299050761643
1544217299067428309
1544217299084094976
1544217299100761643
1544217299117428309
1544217299134094976
1544217299150761643
1544217299167428309
1544217299184094976
1544217299200761642
1544217299217428309
1544217299234094976
1544217299250761643
1544217299267428309
1544217299284094976
1544217299300761643
1544217299317428309
1544217299334094976
1544217299350761643
1544217299367428309
1544217299384094976
1544217299400761643
1544217299417428309
1544217299434094976
1544217299450761642
1544217299467428309
1544217299484094976
1544217299500761643
1544217299517428309
1544217299534094976
1544217299550761643
1544217299567428309
1544217299584094976
1544217299600761643
1544217299617428309
1544217299634094976
1544217299650761643
1544217299667428309
1544217299684094976
1544217299700761642
1544217299717428309
1544217299734094976
1544217299750761643
1544217299767428309
1544217299784094976
1544217299800761643
1544217299817428309
1544217299834094976
1544217299850761643
1544217299867428309
1544217299884094976
1544217299900761643
1544217299917428309
1544217299934094976
1544217299950761642
1544217299967428309
1544217299984094976
1544217300000761643
1544217300017428309
1544217300034094976
1544217300050761643
1544217300067428309
1544217300084094976
1544217300100761643
1544217300117428309
1544217300134094976
1544217300150761643
1544217300167428309
1544217300184094976
1544217300200761642
1544217300217428309
1544217300234094976
1544217300250761643
1544217300267428309
1544217300284094976
1544217300300761643
1544217300317428309
1544217300334094976
1544217300350761643
1544217300367428309
1544217300384094976
1544217300400761643
1544217300417428309
1544217300434094976
1544217300450761642
1544217300467428309
1544217300484094976
1544217300500761643
1544217300517428309
1544217300534094976
1544217300550761643
1544217300567428309
1544217300584094976
1544217300600761643
1544217300617428309
1544217300634094976
1544217300650761643
1544217300667428309
1544217300684094976
1544217300700761642
1544217300717428309
1544217300734094976
1544217300750761643
1544217300767428309
1544217300784094976
1544217300800761643
1544217300817428309
1544217300834094976
1544217300850761643
1544217300867428309
1544217300884094976
1544217300900761643
1544217300917428309
1544217300934094976
1544217300950761642
1544217300967428309
1544217300984094976
1544217301000761643
1544217301017428309
1544217301034094976
1544217301050761643
1544217301067428309
1544217301084094976
1544217301100761643
1544217301117428309
1544217301134094976
1544217301150761643
1544217301167428309
1544217301184094976
1544217301200761642
1544217301217428309
1544217301234094976
1544217301250761643
1544217301267428309
1544217301284094976
1544217301300761643
1544217301317428309
1544217301334094976
1544217301350761643
1544217301367428309
1544217301384094976
1544217301400761643
1544217301417428309
1544217301434094976
1544217301450761642
1544217301467428309
1544217301484094976
1544217301500761643
1544217301517428309
1544217301534094976
1544217301550761643
1544217301567428309
1544217301584094976
1544217301600761643
1544217301617428309
1544217301634094976
1544217301650761643
1544217301667428309
1544217301684094976
1544217301700761642
1544217301717428309
1544217301734094976
1544217301750761643
1544217301767428309
1544217301784094976
1544217301800761643
1544217301817428309
1544217301834094976
1544217301850761643
1544217301867428309
1544217301884094976
1544217301900761643
1544217301917428309
1544217301934094976
1544217301950761642
1544217301967428309
1544217301984094976
1544217302000761643
1544217302017428309
1544217302034094976
1544217302050761643
1544217302067428309
1544217302084094976
1544217302100761643
1544217302117428309
1544217302134094976
1544217302150761643
1544217302167428309
1544217302184094976
1544217302200761642
1544217302217428309
1544217302234094976
1544217302250761643
1544217302267428309
1544217302284094976
1544217302300761643
1544217302317428309
1544217302334094976
1544217302350761643
1544217302367428309
1544217302384094976
1544217302400761643
1544217302417428309
1544217302434094976
1544217302450761642
1544217302467428309
1544217302484094976
1544217302500761643
1544217302517428309
1544217302534094976
1544217302550761643
1544217302567428309
1544217302584094976
1544217302600761643
1544217302617428309
1544217302634094976
1544217302650761643
1544217302667428309
1544217302684094976
1544217302700761642
1544217302717428309
1544217302734094976
1544217302750761643
1544217302767428309
1544217302784094976
1544217302800761643
1544217302817428309
1544217302834094976
1544217302850761643
1544217302867428309
1544217302884094976
1544217302900761643
1544217302917428309
1544217302934094976
1544217302950761642
1544217302967428309
1544217302984094976
1544217303000761643
1544217303017428309
1544217303034094976
1544217303050761643
1544217303067428309
1544217303084094976
1544217303100761643
1544217303117428309
1544217303134094976
1544217303150761643
1544217303167428309
1544217303184094976
1544217303200761642
1544217303217428309
1544217303234094976
1544217303250761643
1544217303267428309
1544217303284094976
1544217303300761643
1544217303317428309
1544217303334094976
1544217303350761643
1544217303367428309
1544217303384094976
1544217303400761643
1544217303417428309
1544217303434094976
1544217303450761642
1544217303467428309
1544217303484094976
1544217303500761643
1544217303517428309
1544217303534094976
1544217303550761643
1544217303567428309
1544217303584094976
1544217303600761643
1544217303617428309
1544217303634094976
1544217303650761643
1544217303667428309
1544217303684094976
1544217303700761642
1544217303717428309
1544217303734094976
1544217303750761643
1544217303767428309
1544217303784094976
1544217303800761643
1544217303817428309
1544217303834094976
1544217303850761643
1544217303867428309
1544217303884094976
1544217303900761643
1544217303917428309
1544217303934094976
1544217303950761642
1544217303967428309
1544217303984094976
1544217304000761643
1544217304017428309
1544217304034094976
1544217304050761643
1544217304067428309
1544217304084094976
1544217304100761643
1544217304117428309
1544217304134094976
1544217304150761643
1544217304167428309
1544217304184094976
1544217304200761642
1544217304217428309
1544217304234094976
1544217304250761643
1544217304267428309
1544217304284094976
1544217304300761643
1544217304317428309
1544217304334094976
1544217304350761643
1544217304367428309
1544217304384094976
1544217304400761643
1544217304417428309
1544217304434094976
1544217304450761642
1544217304467428309
1544217304484094976
1544217304500761643
1544217304517428309
1544217304534094976
1544217304550761643
1544217304567428309
1544217304584094976
1544217304600761643
1544217304617428309
1544217304634094976
1544217304650761643
1544217304667428309
1544217304684094976
1544217304700761642
1544217304717428309
1544217304734094976
1544217304750761643
1544217304767428309
1544217304784094976
1544217304800761643
1544217304817428309
1544217304834094976
1544217304850761643
1544217304867428309
1544217304884094976
1544217304900761643
1544217304917428309
1544217304934094976
1544217304950761642
1544217304967428309
1544217304984094976
1544217305000761643
1544217305017428309
1544217305034094976
1544217305050761643
1544217305067428309
1544217305084094976
1544217305100761643
1544217305117428309
1544217305134094976
1544217305150761643
1544217305167428309
1544217305184094976
1544217305200761642
1544217305217428309
1544217305234094976
1544217305250761643
1544217305267428309
1544217305284094976
1544217305300761643
1544217305317428309
1544217305334094976
1544217305350761643
1544217305367428309
1544217305384094976
1544217305400761643
1544217305417428309
1544217305434094976
1544217305450761642
1544217305467428309
1544217305484094976
1544217305500761643
1544217305517428309
1544217305534094976
1544217305550761643
1544217305567428309
1544217305584094976
1544217305600761643
1544217305617428309
1544217305634094976
1544217305650761643
1544217305667428309
1544217305684094976
1544217305700761642
1544217305717428309
1544217305734094976
1544217305750761643
1544217305767428309
1544217305784094976
1544217305800761643
1544217305817428309
1544217305834094976
1544217305850761643
1544217305867428309
1544217305884094976
1544217305900761643
1544217305917428309
1544217305934094976
1544217305950761642
1544217305967428309
1544217305984094976
1544217306000761643
1544217306017428309
1544217306034094976
1544217306050761643
1544217306067428309
1544217306084094976
1544217306100761643
1544217306117428309
1544217306134094976
1544217306150761643
1544217306167428309
1544217306184094976
1544217306200761642
1544217306217428309
1544217306234094976
1544217306250761643
1544217306267428309
1544217306284094976
1544217306300761643
1544217306317428309
1544217306334094976
1544217306350761643
1544217306367428309
1544217306384094976
1544217306400761643
1544217306417428309
1544217306434094976
1544217306450761642
1544217306467428309
1544217306484094976
1544217306500761643
1544217306517428309
1544217306534094976
1544217306550761643
1544217306567428309
1544217306584094976
1544217306600761643
1544217306617428309
1544217306634094976
1544217306650761643
1544217306667428309
1544217306684094976
1544217306700761642
1544217306717428309
1544217306734094976
1544217306750761643
1544217306767428309
1544217306784094976
1544217306800761643
1544217306817428309
1544217306834094976
1544217306850761643
1544217306867428309
1544217306884094976
1544217306900761643
1544217306917428309
1544217306934094976
1544217306950761642
1544217306967428309
1544217306984094976
1544217307000761643
1544217307017428309
1544217307034094976
1544217307050761643
1544217307067428309
1544217307084094976
1544217307100761643
1544217307117428309
1544217307134094976
1544217307150761643
1544217307167428309
1544217307184094976
1544217307200761642
1544217307217428309
1544217307234094976
1544217307250761643
1544217307267428309
1544217307284094976
1544217307300761643
1544217307317428309
1544217307334094976
1544217307350761643
1544217307367428309
1544217307384094976
1544217307400761643
1544217307417428309
1544217307434094976
1544217307450761642
1544217307467428309
1544217307484094976
1544217307500761643
1544217307517428309
1544217307534094976
1544217307550761643
1544217307567428309
1544217307584094976
1544217307600761643
1544217307617428309
1544217307634094976
1544217307650761643
1544217307667428309
1544217307684094976
1544217307700761642
1544217307717428309
1544217307734094976
1544217307750761643
1544217307767428309
1544217307784094976
1544217307800761643
1544217307817428309
1544217307834094976
1544217307850761643
1544217307867428309
1544217307884094976
1544217307900761643
1544217307917428309
1544217307934094976
1544217307950761642
1544217307967428309
1544217307984094976
1544217308000761643
1544217308017428309
1544217308034094976
1544217308050761643
1544217308067428309
1544217308084094976
1544217308100761643
1544217308117428309
1544217308134094976
1544217308150761643
1544217308167428309
1544217308184094976
1544217308200761642
1544217308217428309
1544217308234094976
1544217308250761643
1544217308267428309
1544217308284094976
1544217308300761643
1544217308317428309
1544217308334094976
1544217308350761643
1544217308367428309
1544217308384094976
1544217308400761643
1544217308417428309
1544217308434094976
1544217308450761642
1544217308467428309
1544217308484094976
1544217308500761643
1544217308517428309
1544217308534094976
1544217308550761643
1544217308567428309
1544217308584094976
1544217308600761643
1544217308617428309
1544217308634094976
1544217308650761643
1544217308667428309
1544217308684094976
1544217308700761642
1544217308717428309
1544217308734094976
1544217308750761643
1544217308767428309
1544217308784094976
1544217308800761643
1544217308817428309
1544217308834094976
1544217308850761643
1544217308867428309
1544217308884094976
1544217308900761643
1544217308917428309
1544217308934094976
1544217308950761642
1544217308967428309
1544217308984094976
1544217309000761643
1544217309017428309
1544217309034094976
1544217309050761643
1544217309067428309
1544217309084094976
1544217309100761643
1544217309117428309
1544217309134094976
1544217309150761643
1544217309167428309
1544217309184094976
1544217309200761642
1544217309217428309
1544217309234094976
1544217309250761643
1544217309267428309
1544217309284094976
1544217309300761643
1544217309317428309
1544217309334094976
1544217309350761643
1544217309367428309
1544217309384094976
1544217309400761643
1544217309417428309
1544217309434094976
1544217309450761642
1544217309467428309
1544217309484094976
1544217309500761643
1544217309517428309
1544217309534094976
1544217309550761643
1544217309567428309
1544217309584094976
1544217309600761643
1544217309617428309
1544217309634094976
1544217309650761643
1544217309667428309
1544217309684094976
1544217309700761642
1544217309717428309
1544217309734094976
1544217309750761643
1544217309767428309
1544217309784094976
1544217309800761643
1544217309817428309
1544217309834094976
1544217309850761642
1544217309867428309
1544217309884094976
1544217309900761643
1544217309917428309
1544217309934094976
1544217309950761643
1544217309967428309
1544217309984094976
1544217310000761643
1544217310017428309
1544217310034094976
1544217310050761643
1544217310067428309
1544217310084094976
1544217310100761642
1544217310117428309
1544217310134094976
1544217310150761643
1544217310167428309
1544217310184094976
1544217310200761643
1544217310217428309
1544217310234094976
1544217310250761643
1544217310267428309
1544217310284094976
1544217310300761643
1544217310317428309
1544217310334094976
1544217310350761642
1544217310367428309
1544217310384094976
1544217310400761643
1544217310417428309
1544217310434094976
1544217310450761643
1544217310467428309
1544217310484094976
1544217310500761643
1544217310517428309
1544217310534094976
1544217310550761643
1544217310567428309
1544217310584094976
1544217310600761642
1544217310617428309
1544217310634094976
1544217310650761643
1544217310667428309
1544217310684094976
1544217310700761643
1544217310717428309
1544217310734094976
1544217310750761643
1544217310767428309
1544217310784094976
1544217310800761643
1544217310817428309
1544217310834094976
1544217310850761642
1544217310867428309
1544217310884094976
1544217310900761643
1544217310917428309
1544217310934094976
1544217310950761643
1544217310967428309
1544217310984094976
1544217311000761643
1544217311017428309
1544217311034094976
1544217311050761643
1544217311067428309
1544217311084094976
1544217311100761642
1544217311117428309
1544217311134094976
1544217311150761643
1544217311167428309
1544217311184094976
1544217311200761643
1544217311217428309
1544217311234094976
1544217311250761643
1544217311267428309
1544217311284094976
1544217311300761643
1544217311317428309
1544217311334094976
1544217311350761642
1544217311367428309
1544217311384094976
1544217311400761643
1544217311417428309
1544217311434094976
1544217311450761643
1544217311467428309
1544217311484094976
1544217311500761643
1544217311517428309
1544217311534094976
1544217311550761643
1544217311567428309
1544217311584094976
1544217311600761642
1544217311617428309
1544217311634094976
1544217311650761643
1544217311667428309
1544217311684094976
1544217311700761643
1544217311717428309
1544217311734094976
1544217311750761643
1544217311767428309
1544217311784094976
1544217311800761643
1544217311817428309
1544217311834094976
1544217311850761642
1544217311867428309
1544217311884094976
1544217311900761643
1544217311917428309
1544217311934094976
1544217311950761643
1544217311967428309
1544217311984094976
1544217312000761643
1544217312017428309
1544217312034094976
1544217312050761643
1544217312067428309
1544217312084094976
1544217312100761642
1544217312117428309
1544217312134094976
1544217312150761643
1544217312167428309
1544217312184094976
1544217312200761643
1544217312217428309
1544217312234094976
1544217312250761643
1544217312267428309
1544217312284094976
1544217312300761643
1544217312317428309
1544217312334094976
1544217312350761642
1544217312367428309
1544217312384094976
1544217312400761643
1544217312417428309
1544217312434094976
1544217312450761643
1544217312467428309
1544217312484094976
1544217312500761643
1544217312517428309
1544217312534094976
1544217312550761643
1544217312567428309
1544217312584094976
1544217312600761642
1544217312617428309
1544217312634094976
1544217312650761643
1544217312667428309
1544217312684094976
1544217312700761643
1544217312717428309
1544217312734094976
1544217312750761643
1544217312767428309
1544217312784094976
1544217312800761643
1544217312817428309
1544217312834094976
1544217312850761642
1544217312867428309
1544217312884094976
1544217312900761643
1544217312917428309
1544217312934094976
1544217312950761643
1544217312967428309
1544217312984094976
1544217313000761643
1544217313017428309
1544217313034094976
1544217313050761643
1544217313067428309
1544217313084094976
1544217313100761642
1544217313117428309
1544217313134094976
1544217313150761643
1544217313167428309
1544217313184094976
1544217313200761643
1544217313217428309
1544217313234094976
1544217313250761643
1544217313267428309
1544217313284094976
1544217313300761643
1544217313317428309
1544217313334094976
1544217313350761642
1544217313367428309
1544217313384094976
1544217313400761643
1544217313417428309
1544217313434094976
1544217313450761643
1544217313467428309
1544217313484094976
1544217313500761643
1544217313517428309
1544217313534094976
1544217313550761643
1544217313567428309
1544217313584094976
1544217313600761642
1544217313617428309
1544217313634094976
1544217313650761643
1544217313667428309
1544217313684094976
1544217313700761643
1544217313717428309
1544217313734094976
1544217313750761643
1544217313767428309
1544217313784094976
1544217313800761643
1544217313817428309
1544217313834094976
1544217313850761642
1544217313867428309
1544217313884094976
1544217313900761643
1544217313917428309
1544217313934094976
1544217313950761643
1544217313967428309
1544217313984094976
1544217314000761643
1544217314017428309
1544217314034094976
1544217314050761643
1544217314067428309
1544217314084094976
1544217314100761642
1544217314117428309
1544217314134094976
1544217314150761643
1544217314167428309
1544217314184094976
1544217314200761643
1544217314217428309
1544217314234094976
1544217314250761643
1544217314267428309
1544217314284094976
1544217314300761643
1544217314317428309
1544217314334094976
1544217314350761642
1544217314367428309
1544217314384094976
1544217314400761643
1544217314417428309
1544217314434094976
1544217314450761643
1544217314467428309
1544217314484094976
1544217314500761643
1544217314517428309
1544217314534094976
1544217314550761643
1544217314567428309
1544217314584094976
1544217314600761643
1544217314617428309
1544217314634094976
1544217314650761643
1544217314667428309
1544217314684094976
1544217314700761643
1544217314717428309
1544217314734094976
1544217314750761643
1544217314767428309
