1544246691837215531
1544246691853882197
1544246691870548864
1544246691887215531
1544246691903882197
1544246691920548864
1544246691937215531
1544246691953882197
1544246691970548864
1544246691987215531
1544246692003882197
1544246692020548864
1544246692037215531
1544246692053882197
1544246692070548864
1544246692087215531
1544246692103882197
1544246692120548864
1544246692137215531
1544246692153882197
1544246692170548864
1544246692187215531
1544246692203882197
1544246692220548864
1544246692237215531
1544246692253882197
1544246692270548864
1544246692287215531
1544246692303882197
1544246692320548864
1544246692337215531
1544246692353882197
1544246692370548864
1544246692387215531
1544246692403882197
1544246692420548864
1544246692437215531
1544246692453882197
1544246692470548864
1544246692487215531
1544246692503882197
1544246692520548864
1544246692537215531
1544246692553882197
1544246692570548864
1544246692587215531
1544246692603882197
1544246692620548864
1544246692637215531
1544246692653882197
1544246692670548864
1544246692687215531
1544246692703882197
1544246692720548864
1544246692737215531
1544246692753882197
1544246692770548864
1544246692787215531
1544246692803882197
1544246692820548864
1544246692837215531
1544246692853882197
1544246692870548864
1544246692887215531
1544246692903882197
1544246692920548864
1544246692937215531
1544246692953882197
1544246692970548864
1544246692987215531
1544246693003882197
1544246693020548864
1544246693037215531
1544246693053882197
1544246693070548864
1544246693087215531
1544246693103882197
1544246693120548864
1544246693137215531
1544246693153882197
1544246693170548864
1544246693187215531
1544246693203882197
1544246693220548864
1544246693237215531
1544246693253882197
1544246693270548864
1544246693287215531
1544246693303882197
1544246693320548864
1544246693337215531
1544246693353882197
1544246693370548864
1544246693387215531
1544246693403882197
1544246693420548864
1544246693437215531
1544246693453882197
1544246693470548864
1544246693487215531
1544246693503882197
1544246693520548864
1544246693537215531
1544246693553882197
1544246693570548864
1544246693587215531
1544246693603882197
1544246693620548864
1544246693637215531
1544246693653882197
1544246693670548864
1544246693687215530
1544246693703882197
1544246693720548864
1544246693737215531
1544246693753882197
1544246693770548864
1544246693787215531
1544246693803882197
1544246693820548864
1544246693837215531
1544246693853882197
1544246693870548864
1544246693887215530
1544246693903882197
1544246693920548864
1544246693937215531
1544246693953882197
1544246693970548864
1544246693987215531
1544246694003882197
1544246694020548864
1544246694037215531
1544246694053882197
1544246694070548864
1544246694087215531
1544246694103882197
1544246694120548864
1544246694137215531
1544246694153882197
1544246694170548864
1544246694187215531
1544246694203882197
1544246694220548864
1544246694237215531
1544246694253882197
1544246694270548864
1544246694287215531
1544246694303882197
1544246694320548864
1544246694337215531
1544246694353882197
1544246694370548864
1544246694387215531
1544246694403882197
1544246694420548864
1544246694437215531
1544246694453882197
1544246694470548864
1544246694487215531
1544246694503882197
1544246694520548864
1544246694537215531
1544246694553882197
1544246694570548864
1544246694587215531
1544246694603882197
1544246694620548864
1544246694637215531
1544246694653882197
1544246694670548864
1544246694687215531
1544246694703882197
1544246694720548864
1544246694737215531
1544246694753882197
1544246694770548864
1544246694787215531
1544246694803882197
1544246694820548864
1544246694837215531
1544246694853882197
1544246694870548864
1544246694887215531
1544246694903882197
1544246694920548864
1544246694937215531
1544246694953882197
1544246694970548864
1544246694987215531
1544246695003882197
1544246695020548864
1544246695037215531
1544246695053882197
1544246695070548864
1544246695087215531
1544246695103882197
1544246695120548864
1544246695137215531
1544246695153882197
1544246695170548864
1544246695187215531
1544246695203882197
1544246695220548864
1544246695237215531
1544246695253882197
1544246695270548864
1544246695287215530
1544246695303882197
1544246695320548864
1544246695337215531
1544246695353882197
1544246695370548864
1544246695387215531
1544246695403882197
1544246695420548864
1544246695437215531
1544246695453882197
1544246695470548864
1544246695487215531
1544246695503882197
1544246695520548864
1544246695537215530
1544246695553882197
1544246695570548864
1544246695587215531
1544246695603882197
1544246695620548864
1544246695637215531
1544246695653882197
1544246695670548864
1544246695687215531
1544246695703882197
1544246695720548864
1544246695737215531
1544246695753882197
1544246695770548864
1544246695787215530
1544246695803882197
1544246695820548864
1544246695837215531
1544246695853882197
1544246695870548864
1544246695887215531
1544246695903882197
1544246695920548864
1544246695937215530
1544246695953882197
1544246695970548864
1544246695987215531
1544246696003882197
1544246696020548864
1544246696037215531
1544246696053882197
1544246696070548864
1544246696087215531
1544246696103882197
1544246696120548864
1544246696137215531
1544246696153882197
1544246696170548864
1544246696187215531
1544246696203882197
1544246696220548864
1544246696237215531
1544246696253882197
1544246696270548864
1544246696287215531
1544246696303882197
1544246696320548864
1544246696337215531
1544246696353882197
1544246696370548864
1544246696387215531
1544246696403882197
1544246696420548864
1544246696437215531
1544246696453882197
1544246696470548864
1544246696487215531
1544246696503882197
1544246696520548864
1544246696537215531
1544246696553882197
1544246696570548864
1544246696587215531
1544246696603882197
1544246696620548864
1544246696637215531
1544246696653882197
1544246696670548864
1544246696687215531
1544246696703882197
1544246696720548864
1544246696737215531
1544246696753882197
1544246696770548864
1544246696787215531
1544246696803882197
1544246696820548864
1544246696837215531
1544246696853882197
1544246696870548864
1544246696887215531
1544246696903882197
1544246696920548864
1544246696937215531
1544246696953882197
1544246696970548864
1544246696987215531
1544246697003882197
1544246697020548864
1544246697037215531
1544246697053882197
1544246697070548864
1544246697087215531
1544246697103882197
1544246697120548864
1544246697137215531
1544246697153882197
1544246697170548864
1544246697187215531
1544246697203882197
1544246697220548864
1544246697237215531
1544246697253882197
1544246697270548864
1544246697287215531
1544246697303882197
1544246697320548864
1544246697337215531
1544246697353882197
1544246697370548864
1544246697387215531
1544246697403882197
1544246697420548864
1544246697437215531
1544246697453882197
1544246697470548864
1544246697487215531
1544246697503882197
1544246697520548864
1544246697537215531
1544246697553882197
1544246697570548864
1544246697587215531
1544246697603882197
1544246697620548864
1544246697637215531
1544246697653882197
1544246697670548864
1544246697687215531
1544246697703882197
1544246697720548864
1544246697737215531
1544246697753882197
1544246697770548864
1544246697787215531
1544246697803882197
1544246697820548864
1544246697837215531
1544246697853882197
1544246697870548864
1544246697887215531
1544246697903882197
1544246697920548864
1544246697937215531
1544246697953882197
1544246697970548864
1544246697987215531
1544246698003882197
1544246698020548864
1544246698037215531
1544246698053882197
1544246698070548864
1544246698087215531
1544246698103882197
1544246698120548864
1544246698137215531
1544246698153882197
1544246698170548864
1544246698187215531
1544246698203882197
1544246698220548864
1544246698237215531
1544246698253882197
1544246698270548864
1544246698287215531
1544246698303882197
1544246698320548864
1544246698337215531
1544246698353882197
1544246698370548864
1544246698387215531
1544246698403882197
1544246698420548864
1544246698437215531
1544246698453882197
1544246698470548864
1544246698487215530
1544246698503882197
1544246698520548864
1544246698537215531
1544246698553882197
1544246698570548864
1544246698587215531
1544246698603882197
1544246698620548864
1544246698637215531
1544246698653882197
1544246698670548864
1544246698687215531
1544246698703882197
1544246698720548864
1544246698737215530
1544246698753882197
1544246698770548864
1544246698787215531
1544246698803882197
1544246698820548864
1544246698837215531
1544246698853882197
1544246698870548864
1544246698887215531
1544246698903882197
1544246698920548864
1544246698937215531
1544246698953882197
1544246698970548864
1544246698987215530
1544246699003882197
1544246699020548864
1544246699037215531
1544246699053882197
1544246699070548864
1544246699087215531
1544246699103882197
1544246699120548864
1544246699137215531
1544246699153882197
1544246699170548864
1544246699187215531
1544246699203882197
1544246699220548864
1544246699237215530
1544246699253882197
1544246699270548864
1544246699287215531
1544246699303882197
1544246699320548864
1544246699337215531
1544246699353882197
1544246699370548864
1544246699387215531
1544246699403882197
1544246699420548864
1544246699437215531
1544246699453882197
1544246699470548864
1544246699487215530
1544246699503882197
1544246699520548864
1544246699537215531
1544246699553882197
1544246699570548864
1544246699587215531
1544246699603882197
1544246699620548864
1544246699637215531
1544246699653882197
1544246699670548864
1544246699687215531
1544246699703882197
1544246699720548864
1544246699737215530
1544246699753882197
1544246699770548864
1544246699787215531
1544246699803882197
1544246699820548864
1544246699837215531
1544246699853882197
1544246699870548864
1544246699887215531
1544246699903882197
1544246699920548864
1544246699937215531
1544246699953882197
1544246699970548864
1544246699987215531
1544246700003882197
1544246700020548864
1544246700037215530
1544246700053882197
1544246700070548864
1544246700087215531
1544246700103882197
1544246700120548864
1544246700137215531
1544246700153882197
1544246700170548864
1544246700187215531
1544246700203882197
1544246700220548864
1544246700237215531
1544246700253882197
1544246700270548864
1544246700287215530
1544246700303882197
1544246700320548864
1544246700337215531
1544246700353882197
1544246700370548864
1544246700387215531
1544246700403882197
1544246700420548864
1544246700437215531
1544246700453882197
1544246700470548864
1544246700487215531
1544246700503882197
1544246700520548864
1544246700537215531
1544246700553882197
1544246700570548864
1544246700587215531
1544246700603882197
1544246700620548864
1544246700637215531
1544246700653882197
1544246700670548864
1544246700687215531
1544246700703882197
1544246700720548864
1544246700737215531
1544246700753882197
1544246700770548864
1544246700787215531
1544246700803882197
1544246700820548864
1544246700837215531
1544246700853882197
1544246700870548864
1544246700887215531
1544246700903882197
1544246700920548864
1544246700937215531
1544246700953882197
1544246700970548864
1544246700987215531
1544246701003882197
1544246701020548864
1544246701037215531
1544246701053882197
1544246701070548864
1544246701087215531
1544246701103882197
1544246701120548864
1544246701137215531
1544246701153882197
1544246701170548864
1544246701187215531
1544246701203882197
1544246701220548864
1544246701237215531
1544246701253882197
1544246701270548864
1544246701287215531
1544246701303882197
1544246701320548864
1544246701337215531
1544246701353882197
1544246701370548864
1544246701387215531
1544246701403882197
1544246701420548864
1544246701437215531
1544246701453882197
1544246701470548864
1544246701487215531
1544246701503882197
1544246701520548864
1544246701537215531
1544246701553882197
1544246701570548864
1544246701587215531
1544246701603882197
1544246701620548864
1544246701637215531
1544246701653882197
1544246701670548864
1544246701687215531
1544246701703882197
1544246701720548864
1544246701737215531
1544246701753882197
1544246701770548864
1544246701787215531
1544246701803882197
1544246701820548864
1544246701837215531
1544246701853882197
1544246701870548864
1544246701887215531
1544246701903882197
1544246701920548864
1544246701937215531
1544246701953882197
1544246701970548864
1544246701987215531
1544246702003882197
1544246702020548864
1544246702037215531
1544246702053882197
1544246702070548864
1544246702087215531
1544246702103882197
1544246702120548864
1544246702137215531
1544246702153882197
1544246702170548864
1544246702187215531
1544246702203882197
1544246702220548864
1544246702237215531
1544246702253882197
1544246702270548864
1544246702287215531
1544246702303882197
1544246702320548864
1544246702337215531
1544246702353882197
1544246702370548864
1544246702387215531
1544246702403882197
1544246702420548864
1544246702437215531
1544246702453882197
1544246702470548864
1544246702487215531
1544246702503882197
1544246702520548864
1544246702537215531
1544246702553882197
1544246702570548864
1544246702587215531
1544246702603882197
1544246702620548864
1544246702637215531
1544246702653882197
1544246702670548864
1544246702687215531
1544246702703882197
1544246702720548864
1544246702737215531
1544246702753882197
1544246702770548864
1544246702787215531
1544246702803882197
1544246702820548864
1544246702837215531
1544246702853882197
1544246702870548864
1544246702887215531
1544246702903882197
1544246702920548864
1544246702937215531
1544246702953882197
1544246702970548864
1544246702987215531
1544246703003882197
1544246703020548864
1544246703037215531
1544246703053882197
1544246703070548864
1544246703087215531
1544246703103882197
1544246703120548864
1544246703137215531
1544246703153882197
1544246703170548864
1544246703187215531
1544246703203882197
1544246703220548864
1544246703237215531
1544246703253882197
1544246703270548864
1544246703287215531
1544246703303882197
1544246703320548864
1544246703337215531
1544246703353882197
1544246703370548864
1544246703387215531
1544246703403882197
1544246703420548864
1544246703437215531
1544246703453882197
1544246703470548864
1544246703487215531
1544246703503882197
1544246703520548864
1544246703537215531
1544246703553882197
1544246703570548864
1544246703587215531
1544246703603882197
1544246703620548864
1544246703637215531
1544246703653882197
1544246703670548864
1544246703687215531
1544246703703882197
1544246703720548864
1544246703737215531
1544246703753882197
1544246703770548864
1544246703787215531
1544246703803882197
1544246703820548864
1544246703837215531
1544246703853882197
1544246703870548864
1544246703887215531
1544246703903882197
1544246703920548864
1544246703937215531
1544246703953882197
1544246703970548864
1544246703987215531
1544246704003882197
1544246704020548864
1544246704037215531
1544246704053882197
1544246704070548864
1544246704087215531
1544246704103882197
1544246704120548864
1544246704137215531
1544246704153882197
1544246704170548864
1544246704187215531
1544246704203882197
1544246704220548864
1544246704237215531
1544246704253882197
1544246704270548864
1544246704287215531
1544246704303882197
1544246704320548864
1544246704337215531
1544246704353882197
1544246704370548864
1544246704387215531
1544246704403882197
1544246704420548864
1544246704437215531
1544246704453882197
1544246704470548864
1544246704487215531
1544246704503882197
1544246704520548864
1544246704537215531
1544246704553882197
1544246704570548864
1544246704587215531
1544246704603882197
1544246704620548864
1544246704637215531
1544246704653882197
1544246704670548864
1544246704687215531
1544246704703882197
1544246704720548864
1544246704737215531
1544246704753882197
1544246704770548864
1544246704787215531
1544246704803882197
1544246704820548864
1544246704837215531
1544246704853882197
1544246704870548864
1544246704887215530
1544246704903882197
1544246704920548864
1544246704937215531
1544246704953882197
1544246704970548864
1544246704987215531
1544246705003882197
1544246705020548864
1544246705037215531
1544246705053882197
1544246705070548864
1544246705087215531
1544246705103882197
1544246705120548864
1544246705137215530
1544246705153882197
1544246705170548864
1544246705187215531
1544246705203882197
1544246705220548864
1544246705237215531
1544246705253882197
1544246705270548864
1544246705287215531
1544246705303882197
1544246705320548864
1544246705337215531
1544246705353882197
1544246705370548864
1544246705387215530
1544246705403882197
1544246705420548864
1544246705437215531
1544246705453882197
1544246705470548864
1544246705487215531
1544246705503882197
1544246705520548864
1544246705537215531
1544246705553882197
1544246705570548864
1544246705587215531
1544246705603882197
1544246705620548864
1544246705637215530
1544246705653882197
1544246705670548864
1544246705687215531
1544246705703882197
1544246705720548864
1544246705737215531
1544246705753882197
1544246705770548864
1544246705787215531
1544246705803882197
1544246705820548864
1544246705837215531
1544246705853882197
1544246705870548864
1544246705887215530
1544246705903882197
1544246705920548864
1544246705937215531
1544246705953882197
1544246705970548864
1544246705987215531
1544246706003882197
1544246706020548864
1544246706037215531
1544246706053882197
1544246706070548864
1544246706087215531
1544246706103882197
1544246706120548864
1544246706137215530
1544246706153882197
1544246706170548864
1544246706187215531
1544246706203882197
1544246706220548864
1544246706237215531
1544246706253882197
1544246706270548864
1544246706287215531
1544246706303882197
1544246706320548864
1544246706337215531
1544246706353882197
1544246706370548864
1544246706387215530
1544246706403882197
1544246706420548864
1544246706437215531
1544246706453882197
1544246706470548864
1544246706487215531
1544246706503882197
1544246706520548864
1544246706537215531
1544246706553882197
1544246706570548864
1544246706587215531
1544246706603882197
1544246706620548864
1544246706637215530
1544246706653882197
1544246706670548864
1544246706687215531
1544246706703882197
1544246706720548864
1544246706737215531
1544246706753882197
1544246706770548864
1544246706787215531
1544246706803882197
1544246706820548864
1544246706837215531
1544246706853882197
1544246706870548864
1544246706887215530
1544246706903882197
1544246706920548864
1544246706937215531
1544246706953882197
1544246706970548864
1544246706987215531
1544246707003882197
1544246707020548864
1544246707037215531
1544246707053882197
1544246707070548864
1544246707087215531
1544246707103882197
1544246707120548864
1544246707137215530
1544246707153882197
1544246707170548864
1544246707187215531
1544246707203882197
1544246707220548864
1544246707237215531
1544246707253882197
1544246707270548864
1544246707287215531
1544246707303882197
1544246707320548864
1544246707337215531
1544246707353882197
1544246707370548864
1544246707387215530
1544246707403882197
1544246707420548864
1544246707437215531
1544246707453882197
1544246707470548864
1544246707487215531
1544246707503882197
1544246707520548864
1544246707537215531
1544246707553882197
1544246707570548864
1544246707587215531
1544246707603882197
1544246707620548864
1544246707637215530
1544246707653882197
1544246707670548864
1544246707687215531
1544246707703882197
1544246707720548864
1544246707737215531
1544246707753882197
1544246707770548864
1544246707787215531
1544246707803882197
1544246707820548864
1544246707837215531
1544246707853882197
1544246707870548864
1544246707887215531
1544246707903882197
1544246707920548864
1544246707937215531
1544246707953882197
1544246707970548864
1544246707987215530
1544246708003882197
1544246708020548864
1544246708037215531
1544246708053882197
1544246708070548864
1544246708087215531
1544246708103882197
1544246708120548864
1544246708137215531
1544246708153882197
1544246708170548864
1544246708187215531
1544246708203882197
1544246708220548864
1544246708237215530
1544246708253882197
1544246708270548864
1544246708287215531
1544246708303882197
1544246708320548864
1544246708337215531
1544246708353882197
1544246708370548864
1544246708387215531
1544246708403882197
1544246708420548864
1544246708437215531
1544246708453882197
1544246708470548864
1544246708487215530
1544246708503882197
1544246708520548864
1544246708537215531
1544246708553882197
1544246708570548864
1544246708587215531
1544246708603882197
1544246708620548864
1544246708637215531
1544246708653882197
1544246708670548864
1544246708687215531
1544246708703882197
1544246708720548864
1544246708737215530
1544246708753882197
1544246708770548864
1544246708787215531
1544246708803882197
1544246708820548864
1544246708837215531
1544246708853882197
1544246708870548864
1544246708887215531
1544246708903882197
1544246708920548864
1544246708937215531
1544246708953882197
1544246708970548864
1544246708987215530
1544246709003882197
1544246709020548864
1544246709037215531
1544246709053882197
1544246709070548864
1544246709087215531
1544246709103882197
1544246709120548864
1544246709137215531
1544246709153882197
1544246709170548864
1544246709187215531
1544246709203882197
1544246709220548864
1544246709237215531
1544246709253882197
1544246709270548864
1544246709287215531
1544246709303882197
1544246709320548864
1544246709337215531
1544246709353882197
1544246709370548864
1544246709387215531
1544246709403882197
1544246709420548864
1544246709437215531
1544246709453882197
1544246709470548864
1544246709487215531
1544246709503882197
1544246709520548864
1544246709537215531
1544246709553882197
1544246709570548864
1544246709587215531
1544246709603882197
1544246709620548864
1544246709637215531
1544246709653882197
1544246709670548864
1544246709687215531
1544246709703882197
1544246709720548864
1544246709737215531
1544246709753882197
1544246709770548864
1544246709787215531
1544246709803882197
1544246709820548864
1544246709837215531
1544246709853882197
1544246709870548864
1544246709887215531
1544246709903882197
1544246709920548864
1544246709937215531
1544246709953882197
1544246709970548864
1544246709987215531
1544246710003882197
1544246710020548864
1544246710037215531
1544246710053882197
1544246710070548864
1544246710087215531
1544246710103882197
1544246710120548864
1544246710137215531
1544246710153882197
1544246710170548864
1544246710187215531
1544246710203882197
1544246710220548864
1544246710237215531
1544246710253882197
1544246710270548864
1544246710287215531
1544246710303882197
1544246710320548864
1544246710337215531
1544246710353882197
1544246710370548864
1544246710387215531
1544246710403882197
1544246710420548864
1544246710437215531
1544246710453882197
1544246710470548864
1544246710487215531
1544246710503882197
1544246710520548864
1544246710537215531
1544246710553882197
1544246710570548864
1544246710587215531
1544246710603882197
1544246710620548864
1544246710637215531
1544246710653882197
1544246710670548864
1544246710687215531
1544246710703882197
1544246710720548864
1544246710737215531
1544246710753882197
1544246710770548864
1544246710787215531
1544246710803882197
1544246710820548864
1544246710837215531
1544246710853882197
1544246710870548864
1544246710887215531
1544246710903882197
1544246710920548864
1544246710937215531
1544246710953882197
1544246710970548864
1544246710987215531
1544246711003882197
1544246711020548864
1544246711037215531
1544246711053882197
1544246711070548864
1544246711087215531
1544246711103882197
1544246711120548864
1544246711137215531
1544246711153882197
1544246711170548864
1544246711187215531
1544246711203882197
1544246711220548864
1544246711237215531
1544246711253882197
1544246711270548864
1544246711287215531
1544246711303882197
1544246711320548864
1544246711337215531
1544246711353882197
1544246711370548864
1544246711387215531
1544246711403882197
1544246711420548864
1544246711437215531
1544246711453882197
1544246711470548864
1544246711487215531
1544246711503882197
1544246711520548864
1544246711537215531
1544246711553882197
1544246711570548864
1544246711587215531
1544246711603882197
1544246711620548864
1544246711637215531
1544246711653882197
1544246711670548864
1544246711687215531
1544246711703882197
1544246711720548864
1544246711737215531
1544246711753882197
1544246711770548864
1544246711787215531
1544246711803882197
1544246711820548864
1544246711837215531
1544246711853882197
1544246711870548864
1544246711887215531
1544246711903882197
1544246711920548864
1544246711937215531
1544246711953882197
1544246711970548864
1544246711987215531
1544246712003882197
1544246712020548864
1544246712037215531
1544246712053882197
1544246712070548864
1544246712087215531
1544246712103882197
1544246712120548864
1544246712137215531
1544246712153882197
1544246712170548864
1544246712187215531
1544246712203882197
1544246712220548864
1544246712237215531
1544246712253882197
1544246712270548864
1544246712287215531
1544246712303882197
1544246712320548864
1544246712337215531
1544246712353882197
1544246712370548864
1544246712387215531
1544246712403882197
1544246712420548864
1544246712437215531
1544246712453882197
1544246712470548864
1544246712487215531
1544246712503882197
1544246712520548864
1544246712537215531
1544246712553882197
1544246712570548864
1544246712587215531
1544246712603882197
1544246712620548864
1544246712637215531
1544246712653882197
1544246712670548864
1544246712687215531
1544246712703882197
1544246712720548864
1544246712737215531
1544246712753882197
1544246712770548864
1544246712787215531
1544246712803882197
1544246712820548864
1544246712837215531
1544246712853882197
1544246712870548864
1544246712887215531
1544246712903882197
1544246712920548864
1544246712937215531
1544246712953882197
1544246712970548864
1544246712987215531
1544246713003882197
1544246713020548864
1544246713037215531
1544246713053882197
1544246713070548864
1544246713087215531
1544246713103882197
1544246713120548864
1544246713137215531
1544246713153882197
1544246713170548864
1544246713187215531
1544246713203882197
1544246713220548864
1544246713237215531
1544246713253882197
1544246713270548864
1544246713287215531
1544246713303882197
1544246713320548864
1544246713337215531
1544246713353882197
1544246713370548864
1544246713387215531
1544246713403882197
1544246713420548864
1544246713437215531
1544246713453882197
1544246713470548864
1544246713487215531
1544246713503882197
1544246713520548864
1544246713537215531
1544246713553882197
1544246713570548864
1544246713587215531
1544246713603882197
1544246713620548864
1544246713637215531
1544246713653882197
1544246713670548864
1544246713687215531
1544246713703882197
1544246713720548864
1544246713737215531
1544246713753882197
1544246713770548864
1544246713787215531
1544246713803882197
1544246713820548864
1544246713837215531
1544246713853882197
1544246713870548864
1544246713887215531
1544246713903882197
1544246713920548864
1544246713937215531
1544246713953882197
1544246713970548864
1544246713987215531
1544246714003882197
1544246714020548864
1544246714037215531
1544246714053882197
1544246714070548864
1544246714087215531
1544246714103882197
1544246714120548864
1544246714137215531
1544246714153882197
1544246714170548864
1544246714187215531
1544246714203882197
1544246714220548864
1544246714237215531
1544246714253882197
1544246714270548864
1544246714287215531
1544246714303882197
1544246714320548864
1544246714337215531
1544246714353882197
1544246714370548864
1544246714387215531
1544246714403882197
1544246714420548864
1544246714437215531
1544246714453882197
1544246714470548864
1544246714487215531
1544246714503882197
1544246714520548864
1544246714537215531
1544246714553882197
1544246714570548864
1544246714587215531
1544246714603882197
1544246714620548864
1544246714637215531
1544246714653882197
1544246714670548864
1544246714687215531
1544246714703882197
1544246714720548864
1544246714737215531
1544246714753882197
1544246714770548864
1544246714787215531
1544246714803882197
1544246714820548864
1544246714837215531
1544246714853882197
1544246714870548864
1544246714887215531
1544246714903882197
1544246714920548864
1544246714937215531
1544246714953882197
1544246714970548864
1544246714987215531
1544246715003882197
1544246715020548864
1544246715037215531
1544246715053882197
1544246715070548864
1544246715087215531
1544246715103882197
1544246715120548864
1544246715137215531
1544246715153882197
1544246715170548864
1544246715187215531
1544246715203882197
1544246715220548864
1544246715237215531
1544246715253882197
1544246715270548864
1544246715287215531
1544246715303882197
1544246715320548864
1544246715337215531
1544246715353882197
1544246715370548864
1544246715387215531
1544246715403882197
1544246715420548864
1544246715437215531
1544246715453882197
1544246715470548864
1544246715487215531
1544246715503882197
1544246715520548864
1544246715537215531
1544246715553882197
1544246715570548864
1544246715587215531
1544246715603882197
1544246715620548864
1544246715637215531
1544246715653882197
1544246715670548864
1544246715687215531
1544246715703882197
1544246715720548864
1544246715737215531
1544246715753882197
1544246715770548864
1544246715787215531
1544246715803882197
1544246715820548864
1544246715837215531
1544246715853882197
1544246715870548864
1544246715887215531
1544246715903882197
1544246715920548864
1544246715937215531
1544246715953882197
1544246715970548864
1544246715987215531
1544246716003882197
1544246716020548864
1544246716037215531
1544246716053882197
1544246716070548864
1544246716087215531
1544246716103882197
1544246716120548864
1544246716137215531
1544246716153882197
1544246716170548864
1544246716187215531
1544246716203882197
1544246716220548864
1544246716237215531
1544246716253882197
1544246716270548864
1544246716287215531
1544246716303882197
1544246716320548864
1544246716337215531
1544246716353882197
1544246716370548864
1544246716387215531
1544246716403882197
1544246716420548864
1544246716437215531
1544246716453882197
1544246716470548864
1544246716487215531
1544246716503882197
1544246716520548864
1544246716537215531
1544246716553882197
1544246716570548864
1544246716587215531
1544246716603882197
1544246716620548864
1544246716637215531
1544246716653882197
1544246716670548864
1544246716687215531
1544246716703882197
1544246716720548864
1544246716737215531
1544246716753882197
1544246716770548864
1544246716787215531
1544246716803882197
1544246716820548864
1544246716837215531
1544246716853882197
1544246716870548864
1544246716887215531
1544246716903882197
1544246716920548864
1544246716937215531
1544246716953882197
1544246716970548864
1544246716987215531
1544246717003882197
1544246717020548864
1544246717037215531
1544246717053882197
1544246717070548864
1544246717087215531
1544246717103882197
1544246717120548864
1544246717137215531
1544246717153882197
1544246717170548864
1544246717187215531
1544246717203882197
1544246717220548864
1544246717237215531
1544246717253882197
1544246717270548864
1544246717287215531
1544246717303882197
1544246717320548864
1544246717337215531
1544246717353882197
1544246717370548864
1544246717387215531
1544246717403882197
1544246717420548864
1544246717437215531
1544246717453882197
1544246717470548864
1544246717487215531
1544246717503882197
1544246717520548864
1544246717537215531
1544246717553882197
1544246717570548864
1544246717587215531
1544246717603882197
1544246717620548864
1544246717637215531
1544246717653882197
1544246717670548864
1544246717687215530
1544246717703882197
1544246717720548864
1544246717737215531
1544246717753882197
1544246717770548864
1544246717787215531
1544246717803882197
1544246717820548864
1544246717837215531
1544246717853882197
1544246717870548864
1544246717887215531
1544246717903882197
1544246717920548864
1544246717937215530
1544246717953882197
1544246717970548864
1544246717987215531
1544246718003882197
1544246718020548864
1544246718037215531
1544246718053882197
1544246718070548864
1544246718087215531
1544246718103882197
1544246718120548864
1544246718137215531
1544246718153882197
1544246718170548864
1544246718187215530
1544246718203882197
1544246718220548864
1544246718237215531
1544246718253882197
1544246718270548864
1544246718287215531
1544246718303882197
1544246718320548864
1544246718337215531
1544246718353882197
1544246718370548864
1544246718387215531
1544246718403882197
1544246718420548864
1544246718437215530
1544246718453882197
1544246718470548864
1544246718487215531
1544246718503882197
1544246718520548864
1544246718537215531
1544246718553882197
1544246718570548864
1544246718587215531
1544246718603882197
1544246718620548864
1544246718637215531
1544246718653882197
1544246718670548864
1544246718687215530
1544246718703882197
1544246718720548864
1544246718737215531
1544246718753882197
1544246718770548864
1544246718787215531
1544246718803882197
1544246718820548864
1544246718837215531
1544246718853882197
1544246718870548864
1544246718887215531
1544246718903882197
1544246718920548864
1544246718937215530
1544246718953882197
1544246718970548864
1544246718987215531
1544246719003882197
1544246719020548864
1544246719037215531
1544246719053882197
1544246719070548864
1544246719087215531
1544246719103882197
1544246719120548864
1544246719137215531
1544246719153882197
1544246719170548864
1544246719187215530
1544246719203882197
1544246719220548864
1544246719237215531
1544246719253882197
1544246719270548864
1544246719287215531
1544246719303882197
1544246719320548864
1544246719337215531
1544246719353882197
1544246719370548864
1544246719387215531
1544246719403882197
1544246719420548864
1544246719437215530
1544246719453882197
1544246719470548864
1544246719487215531
1544246719503882197
1544246719520548864
1544246719537215531
1544246719553882197
1544246719570548864
1544246719587215531
1544246719603882197
1544246719620548864
1544246719637215531
1544246719653882197
1544246719670548864
1544246719687215530
1544246719703882197
1544246719720548864
1544246719737215531
1544246719753882197
1544246719770548864
1544246719787215531
1544246719803882197
1544246719820548864
1544246719837215531
1544246719853882197
1544246719870548864
1544246719887215531
1544246719903882197
1544246719920548864
1544246719937215530
1544246719953882197
1544246719970548864
1544246719987215531
1544246720003882197
1544246720020548864
1544246720037215531
1544246720053882197
1544246720070548864
1544246720087215531
1544246720103882197
1544246720120548864
1544246720137215531
1544246720153882197
1544246720170548864
1544246720187215530
1544246720203882197
1544246720220548864
1544246720237215531
1544246720253882197
1544246720270548864
1544246720287215531
1544246720303882197
1544246720320548864
1544246720337215531
1544246720353882197
1544246720370548864
1544246720387215531
1544246720403882197
1544246720420548864
1544246720437215530
1544246720453882197
1544246720470548864
1544246720487215531
1544246720503882197
1544246720520548864
1544246720537215531
1544246720553882197
1544246720570548864
1544246720587215531
1544246720603882197
1544246720620548864
1544246720637215531
1544246720653882197
1544246720670548864
1544246720687215530
1544246720703882197
1544246720720548864
1544246720737215531
1544246720753882197
1544246720770548864
1544246720787215531
1544246720803882197
1544246720820548864
1544246720837215531
1544246720853882197
1544246720870548864
1544246720887215531
1544246720903882197
1544246720920548864
1544246720937215530
1544246720953882197
1544246720970548864
1544246720987215531
1544246721003882197
1544246721020548864
1544246721037215531
1544246721053882197
1544246721070548864
1544246721087215531
1544246721103882197
1544246721120548864
1544246721137215531
1544246721153882197
1544246721170548864
1544246721187215530
1544246721203882197
1544246721220548864
1544246721237215531
1544246721253882197
1544246721270548864
1544246721287215531
1544246721303882197
1544246721320548864
1544246721337215531
1544246721353882197
1544246721370548864
1544246721387215531
1544246721403882197
1544246721420548864
1544246721437215530
1544246721453882197
1544246721470548864
1544246721487215531
1544246721503882197
1544246721520548864
1544246721537215531
1544246721553882197
1544246721570548864
1544246721587215531
1544246721603882197
1544246721620548864
1544246721637215531
1544246721653882197
1544246721670548864
1544246721687215530
1544246721703882197
1544246721720548864
1544246721737215531
1544246721753882197
1544246721770548864
1544246721787215531
1544246721803882197
1544246721820548864
1544246721837215531
1544246721853882197
1544246721870548864
1544246721887215531
1544246721903882197
1544246721920548864
1544246721937215530
1544246721953882197
1544246721970548864
1544246721987215531
1544246722003882197
1544246722020548864
1544246722037215531
1544246722053882197
1544246722070548864
1544246722087215531
1544246722103882197
1544246722120548864
1544246722137215531
1544246722153882197
1544246722170548864
1544246722187215530
1544246722203882197
1544246722220548864
1544246722237215531
1544246722253882197
1544246722270548864
1544246722287215531
1544246722303882197
1544246722320548864
1544246722337215531
1544246722353882197
1544246722370548864
1544246722387215531
1544246722403882197
1544246722420548864
1544246722437215530
1544246722453882197
1544246722470548864
1544246722487215531
1544246722503882197
1544246722520548864
1544246722537215531
1544246722553882197
1544246722570548864
1544246722587215531
1544246722603882197
1544246722620548864
1544246722637215531
1544246722653882197
1544246722670548864
1544246722687215530
1544246722703882197
1544246722720548864
1544246722737215531
1544246722753882197
1544246722770548864
1544246722787215531
1544246722803882197
1544246722820548864
1544246722837215531
1544246722853882197
1544246722870548864
1544246722887215531
1544246722903882197
1544246722920548864
1544246722937215530
1544246722953882197
1544246722970548864
1544246722987215531
1544246723003882197
1544246723020548864
1544246723037215531
1544246723053882197
1544246723070548864
1544246723087215531
1544246723103882197
1544246723120548864
1544246723137215531
1544246723153882197
1544246723170548864
1544246723187215530
1544246723203882197
1544246723220548864
1544246723237215531
1544246723253882197
1544246723270548864
1544246723287215531
1544246723303882197
1544246723320548864
1544246723337215531
1544246723353882197
1544246723370548864
1544246723387215531
1544246723403882197
1544246723420548864
1544246723437215530
1544246723453882197
1544246723470548864
1544246723487215531
1544246723503882197
1544246723520548864
1544246723537215531
1544246723553882197
1544246723570548864
1544246723587215531
1544246723603882197
1544246723620548864
1544246723637215531
1544246723653882197
1544246723670548864
1544246723687215530
1544246723703882197
1544246723720548864
1544246723737215531
1544246723753882197
1544246723770548864
1544246723787215531
1544246723803882197
1544246723820548864
1544246723837215531
1544246723853882197
1544246723870548864
1544246723887215530
1544246723903882197
1544246723920548864
1544246723937215531
1544246723953882197
1544246723970548864
1544246723987215531
1544246724003882197
1544246724020548864
1544246724037215531
1544246724053882197
1544246724070548864
1544246724087215531
1544246724103882197
1544246724120548864
1544246724137215530
1544246724153882197
1544246724170548864
1544246724187215531
1544246724203882197
1544246724220548864
1544246724237215531
1544246724253882197
1544246724270548864
1544246724287215531
1544246724303882197
1544246724320548864
1544246724337215531
1544246724353882197
1544246724370548864
1544246724387215530
1544246724403882197
1544246724420548864
1544246724437215531
1544246724453882197
1544246724470548864
1544246724487215531
1544246724503882197
1544246724520548864
1544246724537215531
1544246724553882197
1544246724570548864
1544246724587215531
1544246724603882197
1544246724620548864
1544246724637215530
1544246724653882197
1544246724670548864
1544246724687215531
1544246724703882197
1544246724720548864
1544246724737215531
1544246724753882197
1544246724770548864
1544246724787215531
1544246724803882197
1544246724820548864
1544246724837215531
1544246724853882197
1544246724870548864
1544246724887215530
1544246724903882197
1544246724920548864
1544246724937215531
1544246724953882197
1544246724970548864
1544246724987215531
1544246725003882197
1544246725020548864
1544246725037215531
1544246725053882197
1544246725070548864
1544246725087215531
1544246725103882197
1544246725120548864
1544246725137215530
1544246725153882197
1544246725170548864
1544246725187215531
1544246725203882197
1544246725220548864
1544246725237215531
1544246725253882197
1544246725270548864
1544246725287215531
1544246725303882197
1544246725320548864
1544246725337215531
1544246725353882197
1544246725370548864
1544246725387215530
1544246725403882197
1544246725420548864
1544246725437215531
1544246725453882197
1544246725470548864
1544246725487215531
1544246725503882197
1544246725520548864
1544246725537215531
1544246725553882197
1544246725570548864
1544246725587215531
1544246725603882197
1544246725620548864
1544246725637215530
1544246725653882197
1544246725670548864
1544246725687215531
1544246725703882197
1544246725720548864
1544246725737215531
1544246725753882197
1544246725770548864
1544246725787215531
1544246725803882197
1544246725820548864
1544246725837215531
1544246725853882197
1544246725870548864
1544246725887215530
1544246725903882197
1544246725920548864
1544246725937215531
1544246725953882197
1544246725970548864
1544246725987215531
1544246726003882197
1544246726020548864
1544246726037215531
1544246726053882197
1544246726070548864
1544246726087215531
1544246726103882197
1544246726120548864
1544246726137215530
1544246726153882197
1544246726170548864
1544246726187215531
1544246726203882197
1544246726220548864
1544246726237215531
1544246726253882197
1544246726270548864
1544246726287215531
1544246726303882197
1544246726320548864
1544246726337215531
1544246726353882197
1544246726370548864
1544246726387215531
1544246726403882197
1544246726420548864
1544246726437215531
1544246726453882197
1544246726470548864
1544246726487215531
1544246726503882197
1544246726520548864
1544246726537215531
1544246726553882197
1544246726570548864
1544246726587215531
1544246726603882197
1544246726620548864
1544246726637215531
1544246726653882197
1544246726670548864
1544246726687215531
1544246726703882197
1544246726720548864
1544246726737215531
1544246726753882197
1544246726770548864
1544246726787215531
1544246726803882197
1544246726820548864
1544246726837215531
1544246726853882197
1544246726870548864
1544246726887215531
1544246726903882197
1544246726920548864
1544246726937215531
1544246726953882197
1544246726970548864
1544246726987215531
1544246727003882197
1544246727020548864
1544246727037215531
1544246727053882197
1544246727070548864
1544246727087215531
1544246727103882197
1544246727120548864
1544246727137215531
1544246727153882197
1544246727170548864
1544246727187215531
1544246727203882197
1544246727220548864
1544246727237215531
1544246727253882197
1544246727270548864
1544246727287215531
1544246727303882197
1544246727320548864
1544246727337215531
1544246727353882197
1544246727370548864
1544246727387215531
1544246727403882197
1544246727420548864
1544246727437215531
1544246727453882197
1544246727470548864
1544246727487215531
1544246727503882197
1544246727520548864
1544246727537215531
1544246727553882197
1544246727570548864
1544246727587215531
1544246727603882197
1544246727620548864
1544246727637215531
1544246727653882197
1544246727670548864
1544246727687215531
1544246727703882197
1544246727720548864
1544246727737215531
1544246727753882197
1544246727770548864
1544246727787215531
1544246727803882197
1544246727820548864
1544246727837215531
1544246727853882197
1544246727870548864
1544246727887215531
1544246727903882197
1544246727920548864
1544246727937215531
1544246727953882197
1544246727970548864
1544246727987215531
1544246728003882197
1544246728020548864
1544246728037215531
1544246728053882197
1544246728070548864
1544246728087215531
1544246728103882197
1544246728120548864
1544246728137215531
1544246728153882197
1544246728170548864
1544246728187215531
1544246728203882197
1544246728220548864
1544246728237215531
1544246728253882197
1544246728270548864
1544246728287215531
1544246728303882197
1544246728320548864
1544246728337215531
1544246728353882197
1544246728370548864
1544246728387215531
1544246728403882197
1544246728420548864
1544246728437215531
1544246728453882197
1544246728470548864
1544246728487215531
1544246728503882197
1544246728520548864
1544246728537215531
1544246728553882197
1544246728570548864
1544246728587215531
1544246728603882197
1544246728620548864
1544246728637215531
1544246728653882197
1544246728670548864
1544246728687215531
1544246728703882197
1544246728720548864
1544246728737215531
1544246728753882197
1544246728770548864
1544246728787215531
1544246728803882197
1544246728820548864
1544246728837215531
1544246728853882197
1544246728870548864
1544246728887215531
1544246728903882197
1544246728920548864
1544246728937215531
1544246728953882197
1544246728970548864
1544246728987215531
1544246729003882197
1544246729020548864
1544246729037215531
1544246729053882197
1544246729070548864
1544246729087215531
1544246729103882197
1544246729120548864
1544246729137215531
1544246729153882197
1544246729170548864
1544246729187215531
1544246729203882197
1544246729220548864
1544246729237215531
1544246729253882197
1544246729270548864
1544246729287215531
1544246729303882197
1544246729320548864
1544246729337215531
1544246729353882197
1544246729370548864
1544246729387215531
1544246729403882197
1544246729420548864
1544246729437215531
1544246729453882197
1544246729470548864
1544246729487215531
1544246729503882197
1544246729520548864
1544246729537215531
1544246729553882197
1544246729570548864
1544246729587215531
1544246729603882197
1544246729620548864
1544246729637215531
1544246729653882197
1544246729670548864
1544246729687215531
1544246729703882197
1544246729720548864
1544246729737215531
1544246729753882197
1544246729770548864
1544246729787215531
1544246729803882197
1544246729820548864
1544246729837215531
1544246729853882197
1544246729870548864
1544246729887215531
1544246729903882197
1544246729920548864
1544246729937215531
1544246729953882197
1544246729970548864
1544246729987215531
1544246730003882197
1544246730020548864
1544246730037215531
1544246730053882197
1544246730070548864
1544246730087215531
1544246730103882197
1544246730120548864
1544246730137215531
1544246730153882197
1544246730170548864
1544246730187215531
1544246730203882197
1544246730220548864
1544246730237215531
1544246730253882197
1544246730270548864
1544246730287215531
1544246730303882197
1544246730320548864
1544246730337215531
1544246730353882197
1544246730370548864
1544246730387215531
1544246730403882197
1544246730420548864
1544246730437215531
1544246730453882197
1544246730470548864
1544246730487215531
1544246730503882197
1544246730520548864
1544246730537215531
1544246730553882197
1544246730570548864
1544246730587215531
1544246730603882197
1544246730620548864
1544246730637215531
1544246730653882197
1544246730670548864
1544246730687215531
1544246730703882197
1544246730720548864
1544246730737215531
1544246730753882197
1544246730770548864
1544246730787215531
1544246730803882197
1544246730820548864
1544246730837215531
1544246730853882197
1544246730870548864
1544246730887215531
1544246730903882197
1544246730920548864
1544246730937215531
1544246730953882197
1544246730970548864
1544246730987215531
1544246731003882197
1544246731020548864
1544246731037215531
1544246731053882197
1544246731070548864
1544246731087215531
1544246731103882197
1544246731120548864
1544246731137215531
1544246731153882197
1544246731170548864
1544246731187215531
1544246731203882197
1544246731220548864
1544246731237215531
1544246731253882197
1544246731270548864
1544246731287215531
1544246731303882197
1544246731320548864
1544246731337215531
1544246731353882197
1544246731370548864
1544246731387215531
1544246731403882197
1544246731420548864
1544246731437215531
1544246731453882197
1544246731470548864
1544246731487215531
1544246731503882197
1544246731520548864
1544246731537215531
1544246731553882197
1544246731570548864
1544246731587215531
1544246731603882197
1544246731620548864
1544246731637215531
1544246731653882197
1544246731670548864
1544246731687215531
1544246731703882197
1544246731720548864
1544246731737215531
1544246731753882197
1544246731770548864
1544246731787215531
1544246731803882197
1544246731820548864
1544246731837215531
1544246731853882197
1544246731870548864
1544246731887215531
1544246731903882197
1544246731920548864
1544246731937215531
1544246731953882197
1544246731970548864
1544246731987215531
1544246732003882197
1544246732020548864
1544246732037215531
1544246732053882197
1544246732070548864
1544246732087215531
1544246732103882197
1544246732120548864
1544246732137215531
1544246732153882197
1544246732170548864
1544246732187215531
1544246732203882197
1544246732220548864
1544246732237215531
1544246732253882197
1544246732270548864
1544246732287215531
1544246732303882197
1544246732320548864
1544246732337215531
1544246732353882197
1544246732370548864
1544246732387215531
1544246732403882197
1544246732420548864
1544246732437215531
1544246732453882197
1544246732470548864
1544246732487215531
1544246732503882197
1544246732520548864
1544246732537215531
1544246732553882197
1544246732570548864
1544246732587215531
1544246732603882197
1544246732620548864
1544246732637215531
1544246732653882197
1544246732670548864
1544246732687215531
1544246732703882197
1544246732720548864
1544246732737215531
1544246732753882197
1544246732770548864
1544246732787215531
1544246732803882197
1544246732820548864
1544246732837215531
1544246732853882197
1544246732870548864
1544246732887215531
1544246732903882197
1544246732920548864
1544246732937215531
1544246732953882197
1544246732970548864
1544246732987215531
1544246733003882197
1544246733020548864
1544246733037215531
1544246733053882197
1544246733070548864
1544246733087215531
1544246733103882197
1544246733120548864
1544246733137215531
1544246733153882197
1544246733170548864
1544246733187215531
1544246733203882197
1544246733220548864
1544246733237215531
1544246733253882197
1544246733270548864
1544246733287215531
1544246733303882197
1544246733320548864
1544246733337215531
1544246733353882197
1544246733370548864
1544246733387215531
1544246733403882197
1544246733420548864
1544246733437215531
1544246733453882197
1544246733470548864
1544246733487215531
1544246733503882197
1544246733520548864
1544246733537215531
1544246733553882197
1544246733570548864
1544246733587215531
1544246733603882197
1544246733620548864
1544246733637215531
1544246733653882197
1544246733670548864
1544246733687215531
1544246733703882197
1544246733720548864
1544246733737215531
1544246733753882197
1544246733770548864
1544246733787215531
1544246733803882197
1544246733820548864
1544246733837215531
1544246733853882197
1544246733870548864
1544246733887215531
1544246733903882197
1544246733920548864
1544246733937215531
1544246733953882197
1544246733970548864
1544246733987215531
1544246734003882197
1544246734020548864
1544246734037215531
1544246734053882197
1544246734070548864
1544246734087215531
1544246734103882197
1544246734120548864
1544246734137215531
1544246734153882197
1544246734170548864
1544246734187215531
1544246734203882197
1544246734220548864
1544246734237215531
1544246734253882197
1544246734270548864
1544246734287215531
1544246734303882197
1544246734320548864
1544246734337215531
1544246734353882197
1544246734370548864
1544246734387215531
1544246734403882197
1544246734420548864
1544246734437215531
1544246734453882197
1544246734470548864
1544246734487215531
1544246734503882197
1544246734520548864
1544246734537215531
1544246734553882197
1544246734570548864
1544246734587215531
1544246734603882197
1544246734620548864
1544246734637215531
1544246734653882197
1544246734670548864
1544246734687215531
1544246734703882197
1544246734720548864
1544246734737215531
1544246734753882197
1544246734770548864
1544246734787215531
1544246734803882197
1544246734820548864
1544246734837215531
1544246734853882197
1544246734870548864
1544246734887215531
1544246734903882197
1544246734920548864
1544246734937215531
1544246734953882197
1544246734970548864
1544246734987215531
1544246735003882197
1544246735020548864
1544246735037215531
1544246735053882197
1544246735070548864
1544246735087215531
1544246735103882197
1544246735120548864
1544246735137215531
1544246735153882197
1544246735170548864
1544246735187215531
1544246735203882197
1544246735220548864
1544246735237215531
1544246735253882197
1544246735270548864
1544246735287215531
1544246735303882197
1544246735320548864
1544246735337215531
1544246735353882197
1544246735370548864
1544246735387215531
1544246735403882197
1544246735420548864
1544246735437215531
1544246735453882197
1544246735470548864
1544246735487215531
1544246735503882197
1544246735520548864
1544246735537215531
1544246735553882197
1544246735570548864
1544246735587215531
1544246735603882197
1544246735620548864
1544246735637215531
1544246735653882197
1544246735670548864
1544246735687215531
1544246735703882197
1544246735720548864
1544246735737215531
1544246735753882197
1544246735770548864
1544246735787215531
1544246735803882197
1544246735820548864
1544246735837215531
1544246735853882197
1544246735870548864
1544246735887215531
1544246735903882197
1544246735920548864
1544246735937215531
1544246735953882197
1544246735970548864
1544246735987215531
1544246736003882197
1544246736020548864
1544246736037215531
1544246736053882197
1544246736070548864
1544246736087215531
1544246736103882197
1544246736120548864
1544246736137215531
1544246736153882197
1544246736170548864
1544246736187215531
1544246736203882197
1544246736220548864
1544246736237215531
1544246736253882197
1544246736270548864
1544246736287215531
1544246736303882197
1544246736320548864
1544246736337215531
1544246736353882197
1544246736370548864
1544246736387215531
1544246736403882197
1544246736420548864
1544246736437215531
1544246736453882197
1544246736470548864
1544246736487215531
1544246736503882197
1544246736520548864
1544246736537215531
1544246736553882197
1544246736570548864
1544246736587215531
1544246736603882197
1544246736620548864
1544246736637215531
1544246736653882197
1544246736670548864
1544246736687215531
1544246736703882197
1544246736720548864
1544246736737215531
1544246736753882197
1544246736770548864
1544246736787215531
1544246736803882197
1544246736820548864
1544246736837215531
1544246736853882197
1544246736870548864
1544246736887215531
1544246736903882197
1544246736920548864
1544246736937215531
1544246736953882197
1544246736970548864
1544246736987215531
1544246737003882197
1544246737020548864
1544246737037215531
1544246737053882197
1544246737070548864
1544246737087215531
1544246737103882197
1544246737120548864
1544246737137215531
1544246737153882197
1544246737170548864
1544246737187215531
1544246737203882197
1544246737220548864
1544246737237215531
1544246737253882197
1544246737270548864
1544246737287215531
1544246737303882197
1544246737320548864
1544246737337215531
1544246737353882197
1544246737370548864
1544246737387215531
1544246737403882197
1544246737420548864
1544246737437215531
1544246737453882197
1544246737470548864
1544246737487215531
1544246737503882197
1544246737520548864
1544246737537215531
1544246737553882197
1544246737570548864
1544246737587215531
1544246737603882197
1544246737620548864
1544246737637215531
1544246737653882197
1544246737670548864
1544246737687215531
1544246737703882197
1544246737720548864
1544246737737215531
1544246737753882197
1544246737770548864
1544246737787215531
1544246737803882197
1544246737820548864
1544246737837215531
1544246737853882197
1544246737870548864
1544246737887215531
1544246737903882197
1544246737920548864
1544246737937215531
1544246737953882197
1544246737970548864
1544246737987215531
1544246738003882197
1544246738020548864
1544246738037215531
1544246738053882197
1544246738070548864
1544246738087215531
1544246738103882197
1544246738120548864
1544246738137215531
1544246738153882197
1544246738170548864
1544246738187215531
1544246738203882197
1544246738220548864
1544246738237215531
1544246738253882197
1544246738270548864
1544246738287215531
1544246738303882197
1544246738320548864
1544246738337215531
1544246738353882197
1544246738370548864
1544246738387215531
1544246738403882197
1544246738420548864
1544246738437215531
1544246738453882197
1544246738470548864
1544246738487215531
1544246738503882197
1544246738520548864
1544246738537215531
1544246738553882197
1544246738570548864
1544246738587215531
1544246738603882197
1544246738620548864
1544246738637215531
1544246738653882197
1544246738670548864
1544246738687215531
1544246738703882197
1544246738720548864
1544246738737215531
1544246738753882197
1544246738770548864
1544246738787215531
1544246738803882197
1544246738820548864
1544246738837215531
1544246738853882197
1544246738870548864
1544246738887215531
1544246738903882197
1544246738920548864
1544246738937215531
1544246738953882197
1544246738970548864
1544246738987215531
1544246739003882197
1544246739020548864
1544246739037215531
1544246739053882197
1544246739070548864
1544246739087215531
1544246739103882197
1544246739120548864
1544246739137215531
1544246739153882197
1544246739170548864
1544246739187215531
1544246739203882197
1544246739220548864
1544246739237215531
1544246739253882197
1544246739270548864
1544246739287215531
1544246739303882197
1544246739320548864
1544246739337215531
1544246739353882197
1544246739370548864
1544246739387215531
1544246739403882197
1544246739420548864
1544246739437215531
1544246739453882197
1544246739470548864
1544246739487215531
1544246739503882197
1544246739520548864
1544246739537215531
1544246739553882197
1544246739570548864
1544246739587215531
1544246739603882197
1544246739620548864
1544246739637215531
1544246739653882197
1544246739670548864
1544246739687215531
1544246739703882197
1544246739720548864
1544246739737215531
1544246739753882197
1544246739770548864
1544246739787215531
1544246739803882197
1544246739820548864
1544246739837215531
1544246739853882197
1544246739870548864
1544246739887215531
1544246739903882197
1544246739920548864
1544246739937215531
1544246739953882197
1544246739970548864
1544246739987215531
1544246740003882197
1544246740020548864
1544246740037215531
1544246740053882197
1544246740070548864
1544246740087215531
1544246740103882197
1544246740120548864
1544246740137215531
1544246740153882197
1544246740170548864
1544246740187215531
1544246740203882197
1544246740220548864
1544246740237215531
1544246740253882197
1544246740270548864
1544246740287215531
1544246740303882197
1544246740320548864
1544246740337215531
1544246740353882197
1544246740370548864
1544246740387215531
1544246740403882197
1544246740420548864
1544246740437215531
1544246740453882197
1544246740470548864
1544246740487215531
1544246740503882197
1544246740520548864
1544246740537215531
1544246740553882197
1544246740570548864
1544246740587215531
1544246740603882197
1544246740620548864
1544246740637215531
1544246740653882197
1544246740670548864
1544246740687215531
1544246740703882197
1544246740720548864
1544246740737215531
1544246740753882197
1544246740770548864
1544246740787215531
1544246740803882197
1544246740820548864
1544246740837215531
1544246740853882197
1544246740870548864
1544246740887215531
1544246740903882197
1544246740920548864
1544246740937215531
1544246740953882197
1544246740970548864
1544246740987215531
1544246741003882197
1544246741020548864
1544246741037215531
1544246741053882197
1544246741070548864
1544246741087215531
1544246741103882197
1544246741120548864
1544246741137215531
1544246741153882197
1544246741170548864
1544246741187215531
1544246741203882197
1544246741220548864
1544246741237215531
1544246741253882197
1544246741270548864
1544246741287215531
1544246741303882197
1544246741320548864
1544246741337215531
1544246741353882197
1544246741370548864
1544246741387215531
1544246741403882197
1544246741420548864
1544246741437215531
1544246741453882197
1544246741470548864
1544246741487215531
1544246741503882197
1544246741520548864
1544246741537215531
1544246741553882197
1544246741570548864
1544246741587215531
1544246741603882197
1544246741620548864
1544246741637215531
1544246741653882197
1544246741670548864
1544246741687215531
1544246741703882197
1544246741720548864
1544246741737215531
1544246741753882197
1544246741770548864
1544246741787215531
1544246741803882197
1544246741820548864
1544246741837215531
1544246741853882197
1544246741870548864
1544246741887215531
1544246741903882197
1544246741920548864
1544246741937215531
1544246741953882197
1544246741970548864
1544246741987215531
1544246742003882197
1544246742020548864
1544246742037215531
1544246742053882197
1544246742070548864
1544246742087215531
1544246742103882197
1544246742120548864
1544246742137215531
1544246742153882197
1544246742170548864
1544246742187215531
1544246742203882197
1544246742220548864
1544246742237215531
1544246742253882197
1544246742270548864
1544246742287215531
1544246742303882197
1544246742320548864
1544246742337215531
1544246742353882197
1544246742370548864
1544246742387215531
1544246742403882197
1544246742420548864
1544246742437215531
1544246742453882197
1544246742470548864
1544246742487215531
1544246742503882197
1544246742520548864
1544246742537215531
1544246742553882197
1544246742570548864
1544246742587215531
1544246742603882197
1544246742620548864
1544246742637215531
1544246742653882197
1544246742670548864
1544246742687215531
1544246742703882197
1544246742720548864
1544246742737215531
1544246742753882197
1544246742770548864
1544246742787215531
1544246742803882197
1544246742820548864
1544246742837215531
1544246742853882197
1544246742870548864
1544246742887215531
1544246742903882197
1544246742920548864
1544246742937215531
1544246742953882197
1544246742970548864
1544246742987215531
1544246743003882197
1544246743020548864
1544246743037215531
1544246743053882197
1544246743070548864
1544246743087215531
1544246743103882197
1544246743120548864
1544246743137215531
1544246743153882197
1544246743170548864
1544246743187215531
1544246743203882197
1544246743220548864
1544246743237215531
1544246743253882197
1544246743270548864
1544246743287215530
1544246743303882197
1544246743320548864
1544246743337215531
1544246743353882197
1544246743370548864
1544246743387215531
1544246743403882197
1544246743420548864
1544246743437215531
1544246743453882197
1544246743470548864
1544246743487215531
1544246743503882197
1544246743520548864
1544246743537215530
1544246743553882197
1544246743570548864
1544246743587215531
1544246743603882197
1544246743620548864
1544246743637215531
1544246743653882197
1544246743670548864
1544246743687215531
1544246743703882197
1544246743720548864
1544246743737215531
1544246743753882197
1544246743770548864
1544246743787215530
1544246743803882197
1544246743820548864
1544246743837215531
1544246743853882197
1544246743870548864
1544246743887215531
1544246743903882197
1544246743920548864
1544246743937215531
1544246743953882197
1544246743970548864
1544246743987215531
1544246744003882197
1544246744020548864
1544246744037215530
1544246744053882197
1544246744070548864
1544246744087215531
1544246744103882197
1544246744120548864
1544246744137215531
1544246744153882197
1544246744170548864
1544246744187215531
1544246744203882197
1544246744220548864
1544246744237215531
1544246744253882197
1544246744270548864
1544246744287215530
1544246744303882197
1544246744320548864
1544246744337215531
1544246744353882197
1544246744370548864
1544246744387215531
1544246744403882197
1544246744420548864
1544246744437215531
1544246744453882197
1544246744470548864
1544246744487215531
1544246744503882197
1544246744520548864
1544246744537215530
1544246744553882197
1544246744570548864
1544246744587215531
1544246744603882197
1544246744620548864
1544246744637215531
1544246744653882197
1544246744670548864
1544246744687215531
1544246744703882197
1544246744720548864
1544246744737215531
1544246744753882197
1544246744770548864
1544246744787215530
1544246744803882197
1544246744820548864
1544246744837215531
1544246744853882197
1544246744870548864
1544246744887215531
1544246744903882197
1544246744920548864
1544246744937215531
1544246744953882197
1544246744970548864
1544246744987215531
1544246745003882197
1544246745020548864
1544246745037215530
1544246745053882197
1544246745070548864
1544246745087215531
1544246745103882197
1544246745120548864
1544246745137215531
1544246745153882197
1544246745170548864
1544246745187215531
1544246745203882197
1544246745220548864
1544246745237215531
1544246745253882197
1544246745270548864
1544246745287215530
1544246745303882197
1544246745320548864
1544246745337215531
1544246745353882197
1544246745370548864
1544246745387215531
1544246745403882197
1544246745420548864
1544246745437215531
1544246745453882197
1544246745470548864
1544246745487215531
1544246745503882197
1544246745520548864
1544246745537215530
1544246745553882197
1544246745570548864
1544246745587215531
1544246745603882197
1544246745620548864
1544246745637215531
1544246745653882197
1544246745670548864
1544246745687215531
1544246745703882197
1544246745720548864
1544246745737215531
1544246745753882197
1544246745770548864
1544246745787215530
1544246745803882197
1544246745820548864
1544246745837215531
1544246745853882197
1544246745870548864
1544246745887215531
1544246745903882197
1544246745920548864
1544246745937215531
1544246745953882197
1544246745970548864
1544246745987215531
1544246746003882197
1544246746020548864
1544246746037215530
1544246746053882197
1544246746070548864
1544246746087215531
1544246746103882197
1544246746120548864
1544246746137215531
1544246746153882197
1544246746170548864
1544246746187215531
1544246746203882197
1544246746220548864
1544246746237215531
1544246746253882197
1544246746270548864
1544246746287215530
1544246746303882197
1544246746320548864
1544246746337215531
1544246746353882197
1544246746370548864
1544246746387215531
1544246746403882197
1544246746420548864
1544246746437215531
1544246746453882197
1544246746470548864
1544246746487215531
1544246746503882197
1544246746520548864
1544246746537215530
1544246746553882197
1544246746570548864
1544246746587215531
1544246746603882197
1544246746620548864
1544246746637215531
1544246746653882197
1544246746670548864
1544246746687215531
1544246746703882197
1544246746720548864
1544246746737215531
1544246746753882197
1544246746770548864
1544246746787215530
1544246746803882197
1544246746820548864
1544246746837215531
1544246746853882197
1544246746870548864
1544246746887215531
1544246746903882197
1544246746920548864
1544246746937215531
1544246746953882197
1544246746970548864
1544246746987215531
1544246747003882197
1544246747020548864
1544246747037215530
1544246747053882197
1544246747070548864
1544246747087215531
1544246747103882197
1544246747120548864
1544246747137215531
1544246747153882197
1544246747170548864
1544246747187215531
1544246747203882197
1544246747220548864
1544246747237215531
1544246747253882197
1544246747270548864
1544246747287215530
1544246747303882197
1544246747320548864
1544246747337215531
1544246747353882197
1544246747370548864
1544246747387215531
1544246747403882197
1544246747420548864
1544246747437215531
1544246747453882197
1544246747470548864
1544246747487215531
1544246747503882197
1544246747520548864
1544246747537215530
1544246747553882197
1544246747570548864
1544246747587215531
1544246747603882197
1544246747620548864
1544246747637215531
1544246747653882197
1544246747670548864
1544246747687215531
1544246747703882197
1544246747720548864
1544246747737215531
1544246747753882197
1544246747770548864
1544246747787215530
1544246747803882197
1544246747820548864
1544246747837215531
1544246747853882197
1544246747870548864
1544246747887215531
1544246747903882197
1544246747920548864
1544246747937215531
1544246747953882197
1544246747970548864
1544246747987215531
1544246748003882197
1544246748020548864
1544246748037215530
1544246748053882197
1544246748070548864
1544246748087215531
1544246748103882197
1544246748120548864
1544246748137215531
1544246748153882197
1544246748170548864
1544246748187215531
1544246748203882197
1544246748220548864
1544246748237215531
1544246748253882197
1544246748270548864
1544246748287215530
1544246748303882197
1544246748320548864
1544246748337215531
1544246748353882197
1544246748370548864
1544246748387215531
1544246748403882197
1544246748420548864
1544246748437215531
1544246748453882197
1544246748470548864
1544246748487215531
1544246748503882197
1544246748520548864
1544246748537215530
1544246748553882197
1544246748570548864
1544246748587215531
1544246748603882197
1544246748620548864
1544246748637215531
1544246748653882197
1544246748670548864
1544246748687215531
1544246748703882197
1544246748720548864
1544246748737215531
1544246748753882197
1544246748770548864
1544246748787215530
1544246748803882197
1544246748820548864
1544246748837215531
1544246748853882197
1544246748870548864
1544246748887215531
1544246748903882197
1544246748920548864
1544246748937215531
1544246748953882197
1544246748970548864
1544246748987215531
1544246749003882197
1544246749020548864
1544246749037215530
1544246749053882197
1544246749070548864
1544246749087215531
1544246749103882197
1544246749120548864
1544246749137215531
1544246749153882197
1544246749170548864
1544246749187215531
1544246749203882197
1544246749220548864
1544246749237215531
1544246749253882197
1544246749270548864
1544246749287215530
1544246749303882197
1544246749320548864
1544246749337215531
1544246749353882197
1544246749370548864
1544246749387215531
1544246749403882197
1544246749420548864
1544246749437215531
1544246749453882197
1544246749470548864
1544246749487215531
1544246749503882197
1544246749520548864
1544246749537215530
1544246749553882197
1544246749570548864
1544246749587215531
1544246749603882197
1544246749620548864
1544246749637215531
1544246749653882197
1544246749670548864
1544246749687215531
1544246749703882197
1544246749720548864
1544246749737215531
1544246749753882197
1544246749770548864
1544246749787215530
1544246749803882197
1544246749820548864
1544246749837215531
1544246749853882197
1544246749870548864
1544246749887215531
1544246749903882197
1544246749920548864
1544246749937215531
1544246749953882197
1544246749970548864
1544246749987215531
1544246750003882197
1544246750020548864
1544246750037215530
1544246750053882197
1544246750070548864
1544246750087215531
1544246750103882197
1544246750120548864
1544246750137215531
1544246750153882197
1544246750170548864
1544246750187215531
1544246750203882197
1544246750220548864
1544246750237215531
1544246750253882197
1544246750270548864
1544246750287215530
1544246750303882197
1544246750320548864
1544246750337215531
1544246750353882197
1544246750370548864
1544246750387215531
1544246750403882197
1544246750420548864
1544246750437215531
1544246750453882197
1544246750470548864
1544246750487215531
1544246750503882197
1544246750520548864
1544246750537215530
1544246750553882197
1544246750570548864
1544246750587215531
1544246750603882197
1544246750620548864
1544246750637215531
1544246750653882197
1544246750670548864
1544246750687215531
1544246750703882197
1544246750720548864
1544246750737215531
1544246750753882197
1544246750770548864
1544246750787215530
1544246750803882197
1544246750820548864
1544246750837215531
1544246750853882197
1544246750870548864
1544246750887215531
1544246750903882197
1544246750920548864
1544246750937215531
1544246750953882197
1544246750970548864
1544246750987215531
1544246751003882197
1544246751020548864
1544246751037215530
1544246751053882197
1544246751070548864
1544246751087215531
1544246751103882197
1544246751120548864
1544246751137215531
1544246751153882197
1544246751170548864
1544246751187215531
1544246751203882197
1544246751220548864
1544246751237215531
1544246751253882197
1544246751270548864
1544246751287215530
1544246751303882197
1544246751320548864
1544246751337215531
1544246751353882197
1544246751370548864
1544246751387215531
1544246751403882197
1544246751420548864
1544246751437215531
1544246751453882197
1544246751470548864
1544246751487215531
1544246751503882197
1544246751520548864
1544246751537215530
1544246751553882197
1544246751570548864
1544246751587215531
1544246751603882197
1544246751620548864
1544246751637215531
1544246751653882197
1544246751670548864
1544246751687215531
1544246751703882197
1544246751720548864
1544246751737215531
1544246751753882197
1544246751770548864
1544246751787215530
1544246751803882197
1544246751820548864
1544246751837215531
1544246751853882197
1544246751870548864
1544246751887215531
1544246751903882197
1544246751920548864
1544246751937215531
1544246751953882197
1544246751970548864
1544246751987215531
1544246752003882197
1544246752020548864
1544246752037215530
1544246752053882197
1544246752070548864
1544246752087215531
1544246752103882197
1544246752120548864
1544246752137215531
1544246752153882197
1544246752170548864
1544246752187215531
1544246752203882197
1544246752220548864
1544246752237215531
1544246752253882197
1544246752270548864
1544246752287215530
1544246752303882197
1544246752320548864
1544246752337215531
1544246752353882197
1544246752370548864
1544246752387215531
1544246752403882197
1544246752420548864
1544246752437215531
1544246752453882197
1544246752470548864
1544246752487215531
1544246752503882197
1544246752520548864
1544246752537215530
1544246752553882197
1544246752570548864
1544246752587215531
1544246752603882197
1544246752620548864
1544246752637215531
1544246752653882197
1544246752670548864
1544246752687215531
1544246752703882197
1544246752720548864
1544246752737215531
1544246752753882197
1544246752770548864
1544246752787215530
1544246752803882197
1544246752820548864
1544246752837215531
1544246752853882197
1544246752870548864
1544246752887215531
1544246752903882197
1544246752920548864
1544246752937215531
1544246752953882197
1544246752970548864
1544246752987215531
1544246753003882197
1544246753020548864
1544246753037215530
1544246753053882197
1544246753070548864
1544246753087215531
1544246753103882197
1544246753120548864
1544246753137215531
1544246753153882197
1544246753170548864
1544246753187215531
1544246753203882197
1544246753220548864
1544246753237215531
1544246753253882197
1544246753270548864
1544246753287215530
1544246753303882197
1544246753320548864
1544246753337215531
1544246753353882197
1544246753370548864
1544246753387215531
1544246753403882197
1544246753420548864
1544246753437215531
1544246753453882197
1544246753470548864
1544246753487215531
1544246753503882197
1544246753520548864
1544246753537215530
1544246753553882197
1544246753570548864
1544246753587215531
1544246753603882197
1544246753620548864
1544246753637215531
1544246753653882197
1544246753670548864
1544246753687215531
1544246753703882197
1544246753720548864
1544246753737215531
1544246753753882197
1544246753770548864
1544246753787215530
1544246753803882197
1544246753820548864
1544246753837215531
1544246753853882197
1544246753870548864
1544246753887215531
1544246753903882197
1544246753920548864
1544246753937215531
1544246753953882197
1544246753970548864
1544246753987215531
1544246754003882197
1544246754020548864
1544246754037215530
1544246754053882197
1544246754070548864
1544246754087215531
1544246754103882197
1544246754120548864
1544246754137215531
1544246754153882197
1544246754170548864
1544246754187215531
1544246754203882197
1544246754220548864
1544246754237215531
1544246754253882197
1544246754270548864
1544246754287215530
1544246754303882197
1544246754320548864
1544246754337215531
1544246754353882197
1544246754370548864
1544246754387215531
1544246754403882197
1544246754420548864
1544246754437215531
1544246754453882197
1544246754470548864
1544246754487215531
1544246754503882197
1544246754520548864
1544246754537215530
1544246754553882197
1544246754570548864
1544246754587215531
1544246754603882197
1544246754620548864
1544246754637215531
1544246754653882197
1544246754670548864
1544246754687215531
1544246754703882197
1544246754720548864
1544246754737215531
1544246754753882197
1544246754770548864
1544246754787215530
1544246754803882197
1544246754820548864
1544246754837215531
1544246754853882197
1544246754870548864
1544246754887215531
1544246754903882197
1544246754920548864
1544246754937215531
1544246754953882197
1544246754970548864
1544246754987215531
1544246755003882197
1544246755020548864
1544246755037215530
1544246755053882197
1544246755070548864
1544246755087215531
1544246755103882197
1544246755120548864
1544246755137215531
1544246755153882197
1544246755170548864
1544246755187215531
1544246755203882197
1544246755220548864
1544246755237215531
1544246755253882197
1544246755270548864
1544246755287215530
1544246755303882197
1544246755320548864
1544246755337215531
1544246755353882197
1544246755370548864
1544246755387215531
1544246755403882197
1544246755420548864
1544246755437215531
1544246755453882197
1544246755470548864
1544246755487215531
1544246755503882197
1544246755520548864
1544246755537215530
1544246755553882197
1544246755570548864
1544246755587215531
1544246755603882197
1544246755620548864
1544246755637215531
1544246755653882197
1544246755670548864
1544246755687215531
1544246755703882197
1544246755720548864
1544246755737215531
1544246755753882197
1544246755770548864
1544246755787215530
1544246755803882197
1544246755820548864
1544246755837215531
1544246755853882197
1544246755870548864
1544246755887215531
1544246755903882197
1544246755920548864
1544246755937215530
1544246755953882197
1544246755970548864
1544246755987215531
1544246756003882197
1544246756020548864
1544246756037215531
1544246756053882197
1544246756070548864
1544246756087215531
1544246756103882197
1544246756120548864
1544246756137215531
1544246756153882197
1544246756170548864
1544246756187215530
1544246756203882197
1544246756220548864
1544246756237215531
1544246756253882197
1544246756270548864
1544246756287215531
1544246756303882197
1544246756320548864
1544246756337215531
1544246756353882197
1544246756370548864
1544246756387215531
1544246756403882197
1544246756420548864
1544246756437215530
1544246756453882197
1544246756470548864
1544246756487215531
1544246756503882197
1544246756520548864
1544246756537215531
1544246756553882197
1544246756570548864
1544246756587215531
1544246756603882197
1544246756620548864
1544246756637215531
1544246756653882197
1544246756670548864
1544246756687215530
1544246756703882197
1544246756720548864
1544246756737215531
1544246756753882197
1544246756770548864
1544246756787215531
1544246756803882197
1544246756820548864
1544246756837215531
1544246756853882197
1544246756870548864
1544246756887215531
1544246756903882197
1544246756920548864
1544246756937215530
1544246756953882197
1544246756970548864
1544246756987215531
1544246757003882197
1544246757020548864
1544246757037215531
1544246757053882197
1544246757070548864
1544246757087215531
1544246757103882197
1544246757120548864
1544246757137215531
1544246757153882197
1544246757170548864
1544246757187215530
1544246757203882197
1544246757220548864
1544246757237215531
1544246757253882197
1544246757270548864
1544246757287215531
1544246757303882197
1544246757320548864
1544246757337215531
1544246757353882197
1544246757370548864
1544246757387215531
1544246757403882197
1544246757420548864
1544246757437215530
1544246757453882197
1544246757470548864
1544246757487215531
1544246757503882197
1544246757520548864
1544246757537215531
1544246757553882197
1544246757570548864
1544246757587215531
1544246757603882197
1544246757620548864
1544246757637215531
1544246757653882197
1544246757670548864
1544246757687215530
1544246757703882197
1544246757720548864
1544246757737215531
1544246757753882197
1544246757770548864
1544246757787215531
1544246757803882197
1544246757820548864
1544246757837215531
1544246757853882197
1544246757870548864
1544246757887215531
1544246757903882197
1544246757920548864
1544246757937215530
1544246757953882197
1544246757970548864
1544246757987215531
1544246758003882197
1544246758020548864
1544246758037215531
1544246758053882197
1544246758070548864
1544246758087215531
1544246758103882197
1544246758120548864
1544246758137215531
1544246758153882197
1544246758170548864
1544246758187215530
1544246758203882197
1544246758220548864
1544246758237215531
1544246758253882197
1544246758270548864
1544246758287215531
1544246758303882197
1544246758320548864
1544246758337215531
1544246758353882197
1544246758370548864
1544246758387215531
1544246758403882197
1544246758420548864
1544246758437215530
1544246758453882197
1544246758470548864
1544246758487215531
1544246758503882197
1544246758520548864
1544246758537215531
1544246758553882197
1544246758570548864
1544246758587215531
1544246758603882197
1544246758620548864
1544246758637215531
1544246758653882197
1544246758670548864
1544246758687215530
1544246758703882197
1544246758720548864
1544246758737215531
1544246758753882197
1544246758770548864
1544246758787215531
1544246758803882197
1544246758820548864
1544246758837215531
1544246758853882197
1544246758870548864
1544246758887215531
1544246758903882197
1544246758920548864
1544246758937215530
1544246758953882197
1544246758970548864
1544246758987215531
1544246759003882197
1544246759020548864
1544246759037215531
1544246759053882197
1544246759070548864
1544246759087215531
1544246759103882197
1544246759120548864
1544246759137215531
1544246759153882197
1544246759170548864
1544246759187215530
1544246759203882197
1544246759220548864
1544246759237215531
1544246759253882197
1544246759270548864
1544246759287215531
1544246759303882197
1544246759320548864
1544246759337215531
1544246759353882197
1544246759370548864
1544246759387215531
1544246759403882197
1544246759420548864
1544246759437215530
1544246759453882197
1544246759470548864
1544246759487215531
1544246759503882197
1544246759520548864
1544246759537215531
1544246759553882197
1544246759570548864
1544246759587215531
1544246759603882197
1544246759620548864
1544246759637215531
1544246759653882197
1544246759670548864
1544246759687215530
1544246759703882197
1544246759720548864
1544246759737215531
1544246759753882197
1544246759770548864
1544246759787215531
1544246759803882197
1544246759820548864
1544246759837215531
1544246759853882197
1544246759870548864
1544246759887215531
1544246759903882197
1544246759920548864
1544246759937215530
1544246759953882197
1544246759970548864
1544246759987215531
1544246760003882197
1544246760020548864
1544246760037215531
1544246760053882197
1544246760070548864
1544246760087215531
1544246760103882197
1544246760120548864
1544246760137215531
1544246760153882197
1544246760170548864
1544246760187215530
1544246760203882197
1544246760220548864
1544246760237215531
1544246760253882197
1544246760270548864
1544246760287215531
1544246760303882197
1544246760320548864
1544246760337215531
1544246760353882197
1544246760370548864
1544246760387215531
1544246760403882197
1544246760420548864
1544246760437215530
1544246760453882197
1544246760470548864
1544246760487215531
1544246760503882197
1544246760520548864
1544246760537215531
1544246760553882197
1544246760570548864
1544246760587215531
1544246760603882197
1544246760620548864
1544246760637215531
1544246760653882197
1544246760670548864
1544246760687215531
1544246760703882197
1544246760720548864
1544246760737215531
1544246760753882197
1544246760770548864
1544246760787215531
1544246760803882197
1544246760820548864
1544246760837215531
1544246760853882197
1544246760870548864
1544246760887215531
1544246760903882197
1544246760920548864
1544246760937215531
1544246760953882197
1544246760970548864
1544246760987215531
1544246761003882197
1544246761020548864
1544246761037215531
1544246761053882197
1544246761070548864
1544246761087215531
1544246761103882197
1544246761120548864
1544246761137215531
1544246761153882197
1544246761170548864
1544246761187215531
1544246761203882197
1544246761220548864
1544246761237215531
1544246761253882197
1544246761270548864
1544246761287215531
1544246761303882197
1544246761320548864
1544246761337215531
1544246761353882197
1544246761370548864
1544246761387215531
1544246761403882197
1544246761420548864
1544246761437215531
1544246761453882197
1544246761470548864
1544246761487215531
1544246761503882197
1544246761520548864
1544246761537215531
1544246761553882197
1544246761570548864
1544246761587215531
1544246761603882197
1544246761620548864
1544246761637215531
1544246761653882197
1544246761670548864
1544246761687215531
1544246761703882197
1544246761720548864
1544246761737215531
1544246761753882197
1544246761770548864
1544246761787215531
1544246761803882197
1544246761820548864
1544246761837215531
1544246761853882197
1544246761870548864
1544246761887215531
1544246761903882197
1544246761920548864
1544246761937215531
1544246761953882197
1544246761970548864
1544246761987215531
1544246762003882197
1544246762020548864
1544246762037215531
1544246762053882197
1544246762070548864
1544246762087215531
1544246762103882197
1544246762120548864
1544246762137215531
1544246762153882197
1544246762170548864
1544246762187215531
1544246762203882197
1544246762220548864
1544246762237215531
1544246762253882197
1544246762270548864
1544246762287215531
1544246762303882197
1544246762320548864
1544246762337215531
1544246762353882197
1544246762370548864
1544246762387215531
1544246762403882197
1544246762420548864
1544246762437215531
1544246762453882197
1544246762470548864
1544246762487215531
1544246762503882197
1544246762520548864
1544246762537215531
1544246762553882197
1544246762570548864
1544246762587215531
1544246762603882197
1544246762620548864
1544246762637215531
1544246762653882197
1544246762670548864
1544246762687215531
1544246762703882197
1544246762720548864
1544246762737215531
1544246762753882197
1544246762770548864
1544246762787215531
1544246762803882197
1544246762820548864
1544246762837215531
1544246762853882197
1544246762870548864
1544246762887215531
1544246762903882197
1544246762920548864
1544246762937215531
1544246762953882197
1544246762970548864
1544246762987215531
1544246763003882197
1544246763020548864
1544246763037215531
1544246763053882197
1544246763070548864
1544246763087215531
1544246763103882197
1544246763120548864
1544246763137215531
1544246763153882197
1544246763170548864
1544246763187215531
1544246763203882197
1544246763220548864
1544246763237215531
1544246763253882197
1544246763270548864
1544246763287215531
1544246763303882197
1544246763320548864
1544246763337215531
1544246763353882197
1544246763370548864
1544246763387215531
1544246763403882197
1544246763420548864
1544246763437215531
1544246763453882197
1544246763470548864
1544246763487215531
1544246763503882197
1544246763520548864
1544246763537215531
1544246763553882197
1544246763570548864
1544246763587215531
1544246763603882197
1544246763620548864
1544246763637215531
1544246763653882197
1544246763670548864
1544246763687215531
1544246763703882197
1544246763720548864
1544246763737215531
1544246763753882197
1544246763770548864
1544246763787215531
1544246763803882197
1544246763820548864
1544246763837215531
1544246763853882197
1544246763870548864
1544246763887215531
1544246763903882197
1544246763920548864
1544246763937215531
1544246763953882197
1544246763970548864
1544246763987215531
1544246764003882197
1544246764020548864
1544246764037215531
1544246764053882197
1544246764070548864
1544246764087215531
1544246764103882197
1544246764120548864
1544246764137215531
1544246764153882197
1544246764170548864
1544246764187215531
1544246764203882197
1544246764220548864
1544246764237215531
1544246764253882197
1544246764270548864
1544246764287215531
1544246764303882197
1544246764320548864
1544246764337215531
1544246764353882197
1544246764370548864
1544246764387215531
1544246764403882197
1544246764420548864
1544246764437215531
1544246764453882197
1544246764470548864
1544246764487215531
1544246764503882197
1544246764520548864
1544246764537215531
1544246764553882197
1544246764570548864
1544246764587215531
1544246764603882197
1544246764620548864
1544246764637215531
1544246764653882197
1544246764670548864
1544246764687215531
1544246764703882197
1544246764720548864
1544246764737215531
1544246764753882197
1544246764770548864
1544246764787215531
1544246764803882197
1544246764820548864
1544246764837215531
1544246764853882197
1544246764870548864
1544246764887215531
1544246764903882197
1544246764920548864
1544246764937215531
1544246764953882197
1544246764970548864
1544246764987215531
1544246765003882197
1544246765020548864
1544246765037215531
1544246765053882197
1544246765070548864
1544246765087215531
1544246765103882197
1544246765120548864
1544246765137215531
1544246765153882197
1544246765170548864
1544246765187215531
1544246765203882197
1544246765220548864
1544246765237215531
1544246765253882197
1544246765270548864
1544246765287215531
1544246765303882197
1544246765320548864
1544246765337215531
1544246765353882197
1544246765370548864
1544246765387215531
1544246765403882197
1544246765420548864
1544246765437215531
1544246765453882197
1544246765470548864
1544246765487215531
1544246765503882197
1544246765520548864
1544246765537215531
1544246765553882197
1544246765570548864
1544246765587215531
1544246765603882197
1544246765620548864
1544246765637215531
1544246765653882197
1544246765670548864
1544246765687215531
1544246765703882197
1544246765720548864
1544246765737215531
1544246765753882197
1544246765770548864
1544246765787215531
1544246765803882197
1544246765820548864
1544246765837215531
1544246765853882197
1544246765870548864
1544246765887215531
1544246765903882197
1544246765920548864
1544246765937215531
1544246765953882197
1544246765970548864
1544246765987215531
1544246766003882197
1544246766020548864
1544246766037215531
1544246766053882197
1544246766070548864
1544246766087215531
1544246766103882197
1544246766120548864
1544246766137215531
1544246766153882197
1544246766170548864
1544246766187215531
1544246766203882197
1544246766220548864
1544246766237215531
1544246766253882197
1544246766270548864
1544246766287215531
1544246766303882197
1544246766320548864
1544246766337215531
1544246766353882197
1544246766370548864
1544246766387215531
1544246766403882197
1544246766420548864
1544246766437215531
1544246766453882197
1544246766470548864
1544246766487215531
1544246766503882197
1544246766520548864
1544246766537215531
1544246766553882197
1544246766570548864
1544246766587215531
1544246766603882197
1544246766620548864
1544246766637215531
1544246766653882197
1544246766670548864
1544246766687215531
1544246766703882197
1544246766720548864
1544246766737215531
1544246766753882197
1544246766770548864
1544246766787215531
1544246766803882197
1544246766820548864
1544246766837215531
1544246766853882197
1544246766870548864
1544246766887215531
1544246766903882197
1544246766920548864
1544246766937215531
1544246766953882197
1544246766970548864
1544246766987215531
1544246767003882197
1544246767020548864
1544246767037215531
1544246767053882197
1544246767070548864
1544246767087215531
1544246767103882197
1544246767120548864
1544246767137215531
1544246767153882197
1544246767170548864
1544246767187215531
1544246767203882197
1544246767220548864
1544246767237215531
1544246767253882197
1544246767270548864
1544246767287215531
1544246767303882197
1544246767320548864
1544246767337215531
1544246767353882197
1544246767370548864
1544246767387215531
1544246767403882197
1544246767420548864
1544246767437215531
1544246767453882197
1544246767470548864
1544246767487215531
1544246767503882197
